906	1	0.014309481395612764	竟
321	1	0.013711360435227386	明
100	1	0.013134840047195215	子
11	1	0.012562498816717449	人
420	1	0.011997083664892709	央
1167	1	0.011870982199524436	孫
453	1	0.011776439000407608	年
286	1	0.011322257964168537	昌
1233	1	0.011146633994942217	鏡
261	1	0.01062671216923779	公
380	1	0.010271397034229846	羊
90	1	0.01012661038018158	王
488	1	0.009723838893670832	陽
818	1	0.009034944563229305	母
250	1	0.008830538782385678	長
71	1	0.008803011764837452	光
316	1	0.008464201409735661	章
296	1	0.008324350212795926	親
308	1	0.007998428581986117	極
756	1	0.00771112531528207	富
1172	1	0.007080225961724634	吉
207	1	0.0070055804589181005	月
25	1	0.007002867566627198	日
554	1	0.006819680825672145	好
312	1	0.006557163773030652	壽
70	1	0.006388896515473291	商
262	1	0.006210340097417531	老
366	1	0.006200133264886651	龍
58	1	0.005848236114723698	皇
39	1	0.005752362675163116	服
248	1	0.0056781889007352215	市
1174	1	0.005623862166424666	右
974	1	0.0055953388863246	貴
828	1	0.005546763237101524	卿
209	1	0.005396808501672791	食
782	1	0.0052721916555917864	有
323	1	0.005240752242789273	方
472	1	0.005215122624428979	石
704	1	0.005082863583761987	傷
470	1	0.005066419146372857	樂
1186	1	0.004952898035208707	乕
55	1	0.004929568173211082	保
413	1	0.004900207680503962	泉
173	1	0.004801351390082932	作
372	1	0.004798409451996489	道
314	1	0.004681696083545222	行
1211	1	0.004605605211484754	棗
183	1	0.004589369651114195	事
826	1	0.004567664230649063	銅
382	1	0.004507694051273782	紀
507	1	0.004383178287488247	已
487	1	0.004379572729540733	山
395	1	0.004376602375143451	容
437	1	0.004273444727638779	歲
496	1	0.004117066401888765	英
246	1	0.0040828823730149864	官
1194	1	0.0040699867853139435	利
72	1	0.0040573355344736325	同
227	1	0.004049801244011439	息
313	1	0.003995896936973596	華
322	1	0.003910890106028012	疆
760	1	0.0038978840262187983	工
727	1	0.0038840068208020827	字
775	1	0.0038652323682397062	父
53	1	0.0038327874058501957	下
341	1	0.0037112060084141174	武
144	1	0.00361634470426387	喜
436	1	0.003430352320388767	中
59	1	0.0034144257621994702	堂
1219	1	0.0033965506349933204	者
1175	1	0.003371257168752581	海
1242	1	0.0033263724284021997	錫
1182	1	0.0032913412637245072	亟
241	1	0.003266853262702121	虎
1254	1	0.0031890240305965205	巧
356	1	0.003173470989016373	始
892	1	0.0031697530001913122	守
1178	1	0.003163582965000352	祥
24	1	0.003114648517612343	平
120	1	0.0030351979211434518	然
1198	1	0.002976708328667428	彊
153	1	0.00297566831911137	世
16	1	0.002958055878085114	女
1206	1	0.0029386569731955164	矦
38	1	0.0028185763100341574	德
305	1	0.0028137586402798105	天
234	1	0.002806571489875534	復
1158	1	0.0027989022158384376	侍
1185	1	0.002776756580511101	久
1221	1	0.002747982208398041	節
1170	1	0.002727448842443291	福
285	1	0.0027197851399888727	良
747	1	0.0027180244564157614	左
620	1	0.002715521722543904	家
4	1	0.0026667621651673343	雲
1181	1	0.002651053264931486	孰
524	1	0.002641692402235755	力
1213	1	0.002629982635075145	驩
1163	1	0.0025872753109013246	剛
66	1	0.002548602369109083	得
944	1	0.0024916116399759086	具
1247	1	0.0024547106343091566	午
1161	1	0.0024365701593322426	遷
1189	1	0.002372520637099121	秩
270	1	0.0023566943503026835	文
1250	1	0.0023483214383210674	刻
409	1	0.0023049399858459073	詳
891	1	0.002274013717259996	仙
1199	1	0.0022570869547981014	凶
1214	1	0.0022543752346015342	造
531	1	0.002253295529352449	滅
801	1	0.0022333740913634994	耳
612	1	0.0022230422610928454	言
1207	1	0.0022040892328447025	憙
163	1	0.002186610615609948	從
220	1	0.0021095516068620006	邪
279	1	0.0020941844549627127	命
1191	1	0.002089023832430518	萬
1177	1	0.0020652833143504665	彭
167	1	0.0020475671369000552	兄
1310	1	0.0020405797177756742	岡
827	1	0.0019912872650780047	高
1235	1	0.0019713255270095553	信
1266	1	0.0019543272400771835	靑
1171	1	0.001929721615492787	觀
327	1	0.0019213343916729168	馬
1	1	0.0019059616877291647	里
1288	1	0.0018997957267637027	巳
948	1	0.00189545659231494	哉
1096	1	0.00188439476101106	宜
460	1	0.0018709576330308737	意
179	1	0.001859280168527219	則
851	1	0.0018563226803112191	安
311	1	0.0018454342631930418	大
1348	1	0.0018437289890866912	三
1354	1	0.001819858972940327	朔
1290	1	0.0018151138208471955	己
134	1	0.0018019254124224551	患
1311	1	0.0017717314799703373	存
222	1	0.00176596163634237	民
1173	1	0.0017644437741655735	宰
371	1	0.0017464777322361532	草
546	1	0.0017342562491748847	首
150	1	0.0016768283552661615	常
210	1	0.001676793162767004	一
1196	1	0.0016580853027179294	升
822	1	0.001652898453271322	相
1217	1	0.0015987575268549081	神
513	1	0.0015439198901053503	士
65	1	0.001537289860806712	國
1078	1	0.001528158701184204	在
1074	1	0.0015227205935792782	至
1220	1	0.0015227094667289555	未
661	1	0.0015114861837029602	如
605	1	0.0015008857795102098	名
849	1	0.0014672598758713833	元
1312	1	0.0014446824288375643	向
1274	1	0.0014232590272493864	僑
1376	1	0.001414938053878905	琴
597	1	0.0014139865395876312	祿
142	1	0.0013961848153872247	窮
608	1	0.0013946159294916552	歡
332	1	0.0013677302681432053	黃
424	1	0.0013406463783157104	宿
162	1	0.00133892375324866	東
907	1	0.001324284344915455	出
1051	1	0.0012792565104871117	咎
113	1	0.0012336153505818634	仁
1184	1	0.001232164195754107	倍
964	1	0.0012049266214985642	會
1257	1	0.0011935046286607374	顯
256	1	0.0011900606437008528	主
1293	1	0.0011846926127744792	喬
1419	1	0.001152561809402564	祉
572	1	0.0011442021449389144	張
1358	1	0.0011437239994541925	熹
1285	1	0.0011424394664002154	全
368	1	0.001129789473899447	奇
677	1	0.0011071613940770355	旁
1193	1	0.00110265603122799	冝
1272	1	0.0010961826769732967	眞
1218	1	0.001094023618440887	熟
374	1	0.0010935132527862827	身
1262	1	0.0010901717051653673	雍
273	1	0.0010741507265863823	松
255	1	0.0010687774205458535	恩
165	1	0.0010560775321466823	師
570	1	0.0010419597370695376	當
614	1	0.0010366194108765423	周
499	1	0.0010333531183445476	刑
777	1	0.0010102531027190343	雙
1190	1	0.0010081179275774701	慾
804	1	0.0009996918672872702	金
363	1	0.0009982671098915004	鳥
1309	1	0.000995871480087666	蜀
417	1	0.0009901289575928371	位
1165	1	0.0009899761038914274	前
1332	1	0.0009864365853681635	毋
565	1	0.0009826448582375736	止
340	1	0.0009783974360096568	五
855	1	0.0009699522690067806	倡
317	1	0.000940990313932212	福
691	1	0.0009341424681090655	無
1225	1	0.0009126493270196194	兇
1169	1	0.0009081710507456034	吏
1138	1	0.0008877857618140936	丁
1315	1	0.0008571223539757104	葆
228	1	0.0008549241266823144	色
887	1	0.0008256937222946453	連
1268	1	0.0008157577748033755	地
687	1	0.0008157161969351392	空
1162	1	0.0008119779686000425	程
1234	1	0.0008056952319024011	貌
726	1	0.0008004155414240459	以
237	1	0.0007868908548562052	上
1276	1	0.0007855495636263367	虛
1289	1	0.0007650327755546437	弓
298	1	0.0007626730965391345	翼
347	1	0.0007533322742814555	嘗
1313	1	0.000746863247135221	二
719	1	0.0007319303958431448	州
671	1	0.0007315625916241283	像
1200	1	0.0007233658118860429	亰
789	1	0.0007164051861772839	進
154	1	0.0007107051102095135	夷
1223	1	0.0007076553173880456	萠
1304	1	0.0007076553173880456	閒
791	1	0.0007007004739739126	茂
1535	1	0.000700004989632499	圢
336	1	0.0006946770828027436	玉
618	1	0.0006928265976800547	星
1166	1	0.0006914719317513126	鮮
1431	1	0.0006903303056689104	丂
1471	1	0.0006885294979991794	格
1319	1	0.0006858096574497237	巨
1370	1	0.0006852507861039452	亲
62	1	0.0006764206188406442	門
529	1	0.0006754146504182428	車
1321	1	0.000659716575283485	洤
1204	1	0.0006590210909420719	受
1379	1	0.0006584746389595327	酉
1259	1	0.0006541030230992205	湅
354	1	0.0006454964043742309	穀
1342	1	0.0006311520398325811	述
590	1	0.0006254142940159213	局
1060	1	0.0006168076752909317	新
81	1	0.0006163261086718456	京
1079	1	0.0006068597653360732	祀
239	1	0.000599594437840952	北
1091	1	0.0005983649208802392	易
539	1	0.0005975308625911007	記
1371	1	0.0005934180924067281	湶
212	1	0.0005881189462076325	怒
1426	1	0.000580946763936808	禽
151	1	0.0005780391224756625	翔
1355	1	0.0005750219177130827	用
758	1	0.0005737745816659829	置
1331	1	0.0005737745816659829	兮
552	1	0.0005715677563518829	尹
1317	1	0.0005700965394758163	鏤
414	1	0.0005613427990632199	員
402	1	0.000557039489700725	興
1212	1	0.0005541023102945777	持
22	1	0.000545756498197618	去
1422	1	0.0005423535926699886	云
157	1	0.0005404853176486052	侯
1449	1	0.0005348398779100767	眾
203	1	0.0005302722520995061	陰
722	1	0.0005266956416318509	傳
1270	1	0.0005163971234993847	綱
456	1	0.0005127859548035846	引
1246	1	0.0005082003437612992	遝
1245	1	0.000502052758957735	貎
1260	1	0.0004988896426741918	氏
990	1	0.0004950310420492353	康
1351	1	0.0004877083944160854	飮
1251	1	0.00048109133461204267	强
1460	1	0.00048087774463434756	尚
876	1	0.0004733640298744358	瑟
1328	1	0.00046858257502721936	鹿
1222	1	0.0004598221472651863	耶
1195	1	0.0004590196653327863	悔
265	1	0.0004590196653327863	還
361	1	0.0004590196653327863	朱
1253	1	0.00045431177132937314	爲
810	1	0.0004511954664918866	牙
1424	1	0.0004509193182975019	赦
1347	1	0.00044441449416310667	亖
1258	1	0.0004426261058566154	鄕
330	1	0.00044262610585661536	億
1343	1	0.00044262610585661536	詺
1263	1	0.0004402616501629368	舍
867	1	0.000437111908578267	婦
1367	1	0.0004329390025297871	視
342	1	0.0004320696471030205	遂
1261	1	0.00043033093624948715	順
360	1	0.0004291558734199014	尊
1252	1	0.0004290068410610272	婁
1551	1	0.00042841835431060057	醒
587	1	0.00042791393709594905	伏
514	1	0.00042713154802913767	考
1327	1	0.00042424544826212074	烕
426	1	0.00042250673740858744	蘭
1466	1	0.0004131176987995077	沓
1197	1	0.00040737995298284783	畺
749	1	0.0004016422071661881	冶
302	1	0.000401642207166188	殖
1017	1	0.00039766992160080806	且
717	1	0.00039344542742810254	此
1279	1	0.0003873745504563119	駕
630	1	0.00038729784262453844	獨
1232	1	0.0003872978426245384	弟
462	1	0.0003830281153863885	備
105	1	0.00038206243863822217	霜
1329	1	0.0003786912238995487	告
1188	1	0.00037869122389954865	畫
1542	1	0.0003770518679519316	亥
35	1	0.00037208412265612225	多
1291	1	0.00037074665276878887	脅
464	1	0.000370345411802589	熾
1314	1	0.000370345411802589	寅
369	1	0.0003672157322662291	馳
538	1	0.00036721573226622904	滓
477	1	0.0003564022882271394	降
411	1	0.00035507499474112273	風
295	1	0.0003538276586940228	申
1380	1	0.0003442647489995898	冒
579	1	0.0003442647489995898	刀
1430	1	0.0003442647489995898	矣
1281	1	0.0003442647489995898	内
1352	1	0.0003442647489995898	咸
1029	1	0.0003442647489995897	嚴
1308	1	0.0003442647489995897	目
1299	1	0.0003442647489995897	組
1087	1	0.0003442647489995897	辛
1465	1	0.0003442647489995897	紐
272	1	0.0003442647489995897	伯
805	1	0.0003442647489995897	才
1473	1	0.0003442647489995897	号
1344	1	0.0003442647489995897	竜
792	1	0.0003442647489995897	條
1044	1	0.0003442647489995897	宮
1042	1	0.0003442647489995897	禪
1180	1	0.0003442647489995897	万
364	1	0.0003442647489995897	夏
1429	1	0.0003442647489995897	渴
1428	1	0.0003442647489995897	汎
1208	1	0.0003442647489995897	訾
1425	1	0.0003442647489995897	蔓
1323	1	0.0003442647489995897	嬰
1271	1	0.0003442647489995897	于
751	1	0.0003442647489995897	疾
1231	1	0.0003442647489995897	帝
1333	1	0.00034426474899958967	并
1454	1	0.00034426474899958967	丙
1146	1	0.00034426474899958967	祚
1280	1	0.00034205792368548974	莊
1325	1	0.00033818948872312634	化
198	1	0.00033333570934880905	往
345	1	0.00033252845073824004	物
1538	1	0.0003299203844579402	倚
1388	1	0.00032992038445794013	爵
1364	1	0.00032841764150595785	四
683	1	0.00032787118952341875	實
1216	1	0.00032705151154961026	古
816	1	0.0003184448928246205	千
853	1	0.00031778284523039047	田
1273	1	0.00031557601991629054	璧
1267	1	0.00031432868386919055	博
1448	1	0.0003129679536359907	莭
1278	1	0.0003129679536359907	終
64	1	0.0003090979198007069	立
1336	1	0.0003073792401782051	自
1324	1	0.0003037630138231674	豐
1384	1	0.00030253568851479096	丑
754	1	0.000301231655374641	季
1320	1	0.0002983627824663111	卯
331	1	0.00029684330037257114	香
1458	1	0.00029130094146119127	於
1297	1	0.000280329867042523	銘
1570	1	0.0002754117991996718	庚
1366	1	0.00027541179919967176	俌
469	1	0.00027541179919967176	谷
1322	1	0.00026776147144412537	旬
427	1	0.00026211066117014215	烏
87	1	0.00026080662802999225	後
1122	1	0.0002581985617496923	側
1387	1	0.0002581985617496923	候
731	1	0.0002581985617496923	因
1441	1	0.0002503743629087925	聖
1477	1	0.0002503743629087925	宛
1478	1	0.0002503743629087925	李
1491	1	0.000246896941201726	使
1368	1	0.00024590339214256403	佯
794	1	0.000243304546927947	孝
1373	1	0.00024098532429971283	栽
1436	1	0.00023142241460527975	益
1459	1	0.00022950983266639317	辟
1516	1	0.00022950983266639317	必
1414	1	0.00022950983266639314	殄
1326	1	0.00022509618203819326	祝
202	1	0.00022255498925226005	察
1464	1	0.00022131305292830768	太
1510	1	0.00021870936995268056	郡
1300	1	0.00021516546812474358	監
1378	1	0.00020983756129498804	寸
1420	1	0.00020491949345213673	設
60	1	0.00020342916986339392	腸
547	1	0.0002024225477902957	舉
1404	1	0.00019125819388866096	番
441	1	0.00018647673904144442	苦
397	1	0.00018537332638439446	集
545	1	0.00017877608018224313	擾
721	1	0.0001773485070603947	緣
1365	1	0.00017213237449979486	澎
761	1	0.00017213237449979486	賓
1210	1	0.00017213237449979486	幷
315	1	0.00017213237449979486	芒
1573	1	0.00017213237449979486	穀
1575	1	0.00017213237449979486	㲹
987	1	0.00015368962008910253	秦
1432	1	0.00015300655511092876	傐
1284	1	0.000144953578526143	煥
482	1	0.00013770589959983588	浮
455	1	0.00012909928087484615	佳
768	1	0.00012909928087484615	腹
1100	1	0.00012449169711298296	寶
1369	1	0.00012295169607128202	偒
1256	1	0.00012295169607128202	賀
1075	1	0.0001204926621498564	祉
1403	1	0.0001170050127318867	竝
915	1	0.00011475491633319657	百
1469	1	0.00011475491633319657	蠡
1423	1	0.00011475491633319657	六
757	1	0.00011475491633319657	寺
850	1	0.00011475491633319657	重
318	1	0.00011475491633319657	革
495	1	0.00011475491633319657	胥
112	1	0.0001136073671698646	齒
1286	1	0.00011177426915571093	兵
394	1	0.00010780007291906347	房
1377	1	0.00010327942469987691	先
755	1	0.00010327942469987691	惠
970	1	0.000100410551791547	辰
1240	1	9.836135685702562e-05	鯁
1581	1	9.836135685702562e-05	浪
702	1	9.38903860907972e-05	桑
988	1	8.606618724989743e-05	薪
1201	1	8.606618724989743e-05	淒
223	1	8.606618724989743e-05	場
1691	1	8.606618724989743e-05	勛
609	1	8.606618724989743e-05	愆
1202	1	8.606618724989743e-05	麋
848	1	8.606618724989743e-05	春
1085	1	8.196779738085469e-05	迫
1521	1	7.745956852490768e-05	衆
1446	1	7.363440464713448e-05	取
195	1	7.012800442584235e-05	栗
680	1	6.885294979991794e-05	彰
350	1	6.885294979991794e-05	藏
1316	1	6.885294979991794e-05	賞
370	1	6.885294979991794e-05	鬼
5	1	6.885294979991794e-05	逝
959	1	6.753518999513483e-05	愛
1036	1	6.259359072719813e-05	徨
422	1	6.259359072719813e-05	蛇
1541	1	6.259359072719813e-05	駬
1360	1	5.998552444689821e-05	之
821	1	5.7377458166598285e-05	亡
1339	1	5.7377458166598285e-05	等
1498	1	5.7377458166598285e-05	泊
1455	1	5.7377458166598285e-05	盖
1389	1	5.7377458166598285e-05	制
1390	1	5.7377458166598285e-05	濟
1549	1	5.7377458166598285e-05	尙
1397	1	5.7377458166598285e-05	廿
550	1	5.588713457785547e-05	旅
520	1	5.552657241928866e-05	忒
19	1	5.296380753839842e-05	直
164	1	4.990570071492824e-05	理
260	1	4.918067842851281e-05	帛
473	1	4.918067842851281e-05	洛
939	1	4.5641159905248635e-05	少
511	1	4.442125793543093e-05	勖
521	1	4.442125793543093e-05	式
181	1	4.4047341622843126e-05	列
428	1	4.3033093624948715e-05	激
1027	1	4.3033093624948715e-05	股
143	1	4.3033093624948715e-05	死
224	1	4.3033093624948715e-05	葬
1558	1	4.3033093624948715e-05	靜
1399	1	4.3033093624948715e-05	吳
831	1	4.3033093624948715e-05	御
233	1	3.825163877773219e-05	威
1534	1	3.825163877773219e-05	荊
904	1	3.442647489995897e-05	客
486	1	3.442647489995897e-05	究
885	1	3.442647489995897e-05	捐
886	1	3.442647489995897e-05	燔
1341	1	3.442647489995897e-05	従
889	1	3.442647489995897e-05	株
1528	1	3.442647489995897e-05	吹
544	1	3.442647489995897e-05	廉
1417	1	3.442647489995897e-05	樣
878	1	3.442647489995897e-05	幢
678	1	3.442647489995897e-05	匡
879	1	3.442647489995897e-05	箱
881	1	3.442647489995897e-05	纓
883	1	3.442647489995897e-05	斤
884	1	3.442647489995897e-05	端
701	1	3.1296795363599065e-05	昂
956	1	3.1296795363599065e-05	病
957	1	3.1296795363599065e-05	侶
1337	1	3.1296795363599065e-05	顕
958	1	3.1296795363599065e-05	別
1294	1	3.1296795363599065e-05	皃
1396	1	3.1296795363599065e-05	委
1562	1	3.1296795363599065e-05	雀
1386	1	3.1296795363599065e-05	優
934	1	2.8688729083299142e-05	錯
1485	1	2.8688729083299142e-05	木
823	1	2.8688729083299142e-05	童
1356	1	2.8688729083299142e-05	莫
419	1	2.648190376919921e-05	祥
1467	1	2.648190376919921e-05	暢
1501	1	2.648190376919921e-05	給
1520	1	2.648190376919921e-05	癰
1511	1	2.2950983266639315e-05	伺
253	1	2.2950983266639315e-05	對
535	1	1.811919731576788e-05	蹤
267	1	1.4968032565199552e-05	經
933	1	1.4344364541649571e-05	汲
941	1	1.4344364541649571e-05	譊
940	1	1.4344364541649571e-05	蒂
938	1	1.4344364541649571e-05	瓜
937	1	1.4344364541649571e-05	芽
936	1	1.4344364541649571e-05	渫
935	1	1.4344364541649571e-05	藜
517	1	1.1105314483857732e-05	昧
522	1	1.1105314483857732e-05	測
516	1	1.1105314483857732e-05	溉
74	1	1.1105314483857732e-05	逸
518	1	1.1105314483857732e-05	誥
515	1	1.1105314483857732e-05	墜
512	1	1.1105314483857732e-05	及
525	1	1.1105314483857732e-05	音
523	1	1.1105314483857732e-05	稷
526	1	1.1105314483857732e-05	迄
1663	1	0.0	㐬
33	2	0.008013543179068692	忘
221	2	0.00452059456116843	君
122	2	0.0029086647392164754	絕
438	2	0.0025869027300041403	白
624	2	0.002211267624797148	遠
1160	2	0.0018998635555937044	澤
715	2	0.0013422876449345944	美
430	2	0.001196729841760478	梁
1243	2	0.001046356191656329	兌
743	2	0.0006633716894184404	可
171	2	0.0006602777962385252	顏
194	2	0.0006311520398325811	幸
656	2	0.0006277615536681913	玄
21	2	0.0005303689071438485	疏
40	2	0.0005221705074888186	望
403	2	0.00048118822871533564	承
795	2	0.00048018226029293424	景
1495	2	0.00044262610585661536	恐
1241	2	0.0004381551350903869	沄
27	2	0.0004099880192631478	外
1244	2	0.0003909233413548454	皚
1413	2	0.0003519150767551362	疎
1359	2	0.0003481768484200396	汚
1226	2	0.0003442647489995897	想
1493	2	0.000301231655374641	弇
359	2	0.0002541001718806496	慕
379	2	0.00024043887231717378	豫
320	2	0.00016369451300470687	臧
206	2	8.606618724989743e-05	雪
125	3	0.004469978441031683	而
1187	3	0.003569697575936223	淸
1229	3	0.0034633257297897037	象
1227	3	0.0021659990457890852	忠
188	3	0.0019180387945888233	心
97	3	0.0016994339749074304	夫
902	3	0.001669473858808572	不
1156	3	0.0012250087318568734	泄
133	3	0.0011065652646415382	忽
1159	3	0.0010922209000998888	質
679	3	0.0010114826196797467	揚
972	3	0.0009560076916597141	願
812	3	0.0008463175079573247	塞
1192	3	0.0007745956852490769	楊
1496	3	0.0006885294979991794	隔
1230	3	0.0006393488195706665	穆
1248	3	0.0005737745816659828	悅
383	3	0.0004819706485994256	昭
636	3	0.0003825163877773219	誠
1509	3	0.000367215732266229	號
1157	3	0.0003442647489995897	徹
1450	3	0.0003442647489995897	能
1249	3	0.00027541179919967176	毌
116	3	0.00012998602341014813	顧
444	3	0.00012623040796651622	似
443	3	5.7377458166598285e-05	悵
180	3	3.825163877773219e-05	逮
169	3	1.8608905351329176e-05	庸
155	3	9.304452675664588e-06	祗
158	3	9.304452675664588e-06	聞
178	3	9.304452675664588e-06	履
177	3	9.304452675664588e-06	視
175	3	9.304452675664588e-06	尤
172	3	9.304452675664588e-06	蠻
170	3	9.304452675664588e-06	招
156	3	9.304452675664588e-06	鄒
161	3	9.304452675664588e-06	館
160	3	9.304452675664588e-06	奐
159	3	9.304452675664588e-06	訓
844	3	0.0	厚
975	3	0.0	費
1725	3	0.0	赫
7	4	0.0065086330398209215	生
294	4	0.004209316755491255	成
80	4	0.0033744934736818152	寧
528	4	0.0016446519960802786	靈
1168	4	0.0015669262212041934	菁
6	4	0.0015522967568933673	聲
111	4	0.001380583611285736	庭
1164	4	0.001084955572604768	請
244	4	0.0009274662504093493	榮
293	4	0.0007896231147689002	情
249	4	0.0006464526953436741	合
292	4	0.0006420390447154741	聽
289	4	0.0005555005844851922	清
1203	4	0.0003442647489995897	杠
82	4	0.0003417610053705018	征
1407	4	0.0002926250366496512	峰
1277	4	0.00026776147144412537	精
129	4	0.000252734041924302	鳴
1057	4	0.00019125819388866096	貞
1684	4	0.00017213237449979486	精
616	4	0.00011803362822843076	傾
78	4	0.00011490394869207085	城
665	4	8.606618724989743e-05	青
1622	4	7.650327755546438e-05	廎
290	4	6.885294979991794e-05	冥
1546	4	3.825163877773219e-05	封
1601	4	3.6885508821384606e-05	盈
387	4	3.1296795363599065e-05	並
232	5	0.0037170160626834488	見
56	5	0.003383357449890413	悲
10	5	0.002109126004837138	歸
577	5	0.001628923682495894	起
1228	5	0.0012659295783954696	說
9	5	0.0010327942469987687	飢
645	5	0.0009263851427625324	衣
57	5	0.000795045599826403	衰
166	5	0.0006921109738306852	輝
664	5	0.0006655785147325401	希
859	5	0.0005901681411421538	飛
527	5	0.0005848798961498406	卒
61	5	0.000540987462713641	誰
135	5	0.000502052758957735	怨
1088	5	0.0004426261058566153	稀
498	5	0.00038729784262453844	史
196	5	0.00038183332279914813	徊
924	5	0.0003475434608948239	遲
854	5	0.0003442647489995897	晞
560	5	0.0003442647489995897	甚
1239	5	0.0003442647489995897	俙
921	5	0.00030983827409963074	糜
1303	5	0.00029508407057107685	囘
8	5	0.00022950983266639314	迤
185	5	0.0002167592864071491	懷
1302	5	0.00020655884939975382	折
1141	5	0.00017213237449979486	帷
980	5	0.00016393559476170937	累
457	5	0.00015744152772283974	微
573	5	0.0001415310634776091	依
962	5	0.00013388073572206266	旦
643	5	0.00011475491633319657	乖
641	5	7.650327755546438e-05	違
644	5	7.650327755546438e-05	追
960	5	5.7377458166598285e-05	縣
961	5	5.7377458166598285e-05	綻
963	5	5.7377458166598285e-05	眄
1123	5	4.918067842851281e-05	葵
1124	5	4.918067842851281e-05	羹
952	5	4.3033093624948715e-05	齊
660	5	3.825163877773219e-05	書
662	5	3.825163877773219e-05	憶
200	5	3.825163877773219e-05	開
149	5	1.8608905351329176e-05	綏
184	5	1.2750546259244063e-05	階
205	6	0.004471038262767783	思
148	6	0.0030674520468621145	時
450	6	0.002270743955351226	知
44	6	0.001403251433070514	治
373	6	0.0006577543158916405	期
659	6	0.00045136933757723984	魚
1301	6	0.00040164220716618803	曾
46	6	0.0003781696106434887	滋
176	6	0.0003676527595888739	辭
1130	6	0.00029508407057107685	疑
1482	6	0.00029508407057107685	妾
1555	6	0.00022950983266639314	旖
337	6	0.00021619577683764114	觴
423	6	8.606618724989743e-05	兔
912	6	7.432988898854777e-05	念
2	6	6.352504297016238e-05	海
918	6	6.259359072719813e-05	牛
873	6	5.424777863023838e-05	窕
1131	6	4.918067842851281e-05	其
695	6	2.2950983266639315e-05	壺
392	6	0.0	根
393	6	0.0	崙
451	6	0.0	陵
770	6	0.0	軌
1475	6	0.0	氣
1666	6	0.0	㱙
63	7	0.002699548377650312	志
391	7	0.0008139192106079434	處
720	7	0.0007823783062217399	愁
1126	7	0.0007573824477990975	臾
1421	7	0.0005658300105352231	盡
1152	7	0.0005177632534557322	結
925	7	0.0005030090499271784	非
1589	7	0.0003442647489995897	耆
1236	7	0.0002581985617496923	蕊
1519	7	0.00017213237449979486	更
338	7	0.00011475491633319657	宇
215	8	0.0010110852000560818	雨
339	8	0.0010014974516351703	所
114	8	0.0008028724736070772	土
490	8	0.0005865513020671081	序
214	8	0.0005276118085046743	后
830	8	0.0003442647489995897	許
201	8	0.0003263862656578236	語
213	8	0.0002868872908329914	口
218	8	0.00019508335776643418	黍
235	8	0.0001606568828664752	者
84	8	0.0001546707497850249	輔
304	8	0.0001140456258510108	緒
548	8	7.51371475991168e-05	阻
1508	8	6.259359072719813e-05	奉
216	8	5.7377458166598285e-05	釜
217	8	5.7377458166598285e-05	斗
634	8	5.355229428882508e-05	數
83	8	1.5648397681799533e-05	楚
481	9	0.0010402458649424833	流
718	9	0.00067027303403708	頭
920	9	0.0006541030230992204	啼
954	9	0.00038729784262453844	離
429	9	0.0003586091135412393	為
1061	9	0.0003442647489995897	修
863	9	0.0002973195559541912	敷
692	9	0.0001879298045404687	餘
475	9	0.00018621593241341448	珠
694	9	0.0001617001093785952	躕
690	9	0.00013744509297180588	襦
866	9	0.00011177426915571093	姝
871	9	4.69451930453986e-05	殊
283	9	3.1296795363599065e-05	鉤
864	9	3.1296795363599065e-05	鬚
865	9	3.1296795363599065e-05	鋤
868	9	3.1296795363599065e-05	騎
869	9	3.1296795363599065e-05	婿
870	9	3.1296795363599065e-05	趨
698	9	2.2950983266639315e-05	逾
617	9	0.0	楹
699	9	0.0	區
675	10	0.0010641241606643406	通
300	10	0.0008255964303598803	功
73	10	0.00042177647885010346	邦
1120	10	0.000372953478082889	殘
676	10	0.000316851074542215	蒙
536	10	0.00030410052828297094	頌
674	10	0.00030410052828297094	樞
1030	10	0.00011475491633319657	鍾
1612	10	9.869253987674626e-05	誦
396	10	6.010971807929343e-05	縱
880	10	5.901681411421537e-05	強
333	10	3.955837177945596e-05	麗
578	10	2.459033921425641e-05	艱
1613	10	2.459033921425641e-05	隆
1614	10	2.459033921425641e-05	充
1615	10	2.459033921425641e-05	晏
1616	10	2.459033921425641e-05	确
1617	10	2.459033921425641e-05	㢕
32	11	0.0012057090413826542	來
37	11	0.0008262353975990152	友
36	11	0.0003442647489995897	赭
29	11	0.00029426439259726836	難
47	11	0.0002777590588519417	台
877	11	0.0002581985617496923	遨
1556	11	0.00017213237449979486	次
45	11	6.259359072719813e-05	執
48	11	6.259359072719813e-05	災
49	11	6.259359072719813e-05	材
50	11	6.259359072719813e-05	梅
51	11	6.259359072719813e-05	飴
669	12	0.000954173468010966	神
510	12	0.00045901966533278633	墳
668	12	0.0002868872908329914	醇
670	12	0.0002868872908329914	繽
1599	12	0.0002735650938831861	純
1596	12	0.0002705507143175665	昆
1602	12	0.00011393523835938803	坤
1411	12	0.00011177426915571093	勳
1694	12	3.0601311022185756e-05	柱
1695	12	3.0601311022185756e-05	兆
1696	12	3.0601311022185756e-05	脯
1697	12	3.0601311022185756e-05	暑
1698	12	3.0601311022185756e-05	俎
1699	12	3.0601311022185756e-05	耦
1700	12	3.0601311022185756e-05	瞻
1701	12	3.0601311022185756e-05	巖
1702	12	3.0601311022185756e-05	殷
1703	12	3.0601311022185756e-05	檀
1704	12	3.0601311022185756e-05	耘
1646	12	1.7213237449979485e-05	戔
1648	12	1.7213237449979485e-05	偶
3	13	0.0006991146497643968	何
75	13	0.0006029269669768911	室
425	13	0.0005801829730975771	和
576	13	0.0002677614714441253	嘉
23	13	0.00020655884939975382	河
399	13	0.00015300655511092876	阿
69	13	0.0001044882427218572	荒
77	13	9.685089376032684e-05	隊
67	13	5.624964572106319e-05	韋
190	13	3.825163877773219e-05	畢
168	14	0.000876071631605342	形
813	14	0.0007790293979255867	憂
814	14	0.0006486461459589006	游
917	14	0.00015648397681799532	茲
919	14	0.00015648397681799532	嗤
638	14	7.650327755546438e-05	輕
635	14	3.825163877773219e-05	鈴
637	14	3.825163877773219e-05	瓊
454	15	0.0010538701621926002	陳
1002	15	0.0009467280597488718	善
932	15	0.00020206843963019395	塵
648	16	0.0004948805766869104	欣
647	16	0.00048765169732303544	分
1670	16	0.00030123165537464106	隣
20	16	0.0002797151085621667	憐
405	16	0.0002797151085621667	遺
1451	16	0.0001195363711804131	銀
377	16	4.3033093624948715e-05	蕩
1275	16	4.3033093624948715e-05	貧
1669	16	4.3033093624948715e-05	均
1671	16	4.3033093624948715e-05	勤
1638	16	1.4968032565199552e-05	昏
89	17	0.0006692083618871113	臣
102	17	0.00026116636131003355	近
99	17	0.00015694689446278285	夜
1647	17	8.606618724989743e-05	震
94	17	8.573643174319284e-05	獸
92	17	5.935599120682581e-05	廢
88	17	4.748479296546065e-05	永
91	17	4.748479296546065e-05	冰
93	17	4.748479296546065e-05	繇
95	17	4.748479296546065e-05	匱
96	17	4.748479296546065e-05	恢
98	17	4.748479296546065e-05	祖
101	17	4.748479296546065e-05	司
103	17	4.748479296546065e-05	鑒
104	17	4.748479296546065e-05	失
106	17	4.748479296546065e-05	顛
107	17	4.748479296546065e-05	發
108	17	4.748479296546065e-05	徂
42	18	0.0008508613749860461	芳
0	18	0.0006433284155304618	鄉
146	18	0.00017213237449979486	漿
43	18	0.00011475491633319657	裳
442	18	4.590196653327863e-05	蒼
606	19	0.0007623005156419486	淵
613	19	0.0006885294979991794	由
1361	19	0.0003442647489995897	貢
615	19	0.0	攸
942	20	0.0008867425353019737	令
787	20	0.00031296795363599075	姓
949	20	4.69451930453986e-05	簿
519	20	4.240210984745679e-05	學
258	20	3.1296795363599065e-05	尺
266	20	3.1296795363599065e-05	冠
491	20	3.1296795363599065e-05	職
943	20	3.1296795363599065e-05	政
945	20	3.1296795363599065e-05	罪
946	20	3.1296795363599065e-05	賦
947	20	3.1296795363599065e-05	十
950	20	3.1296795363599065e-05	體
951	20	3.1296795363599065e-05	祠
1639	20	0.0	驎
1106	21	0.00043033093624948715	固
117	21	0.00029721523330297913	路
1108	21	0.0002704937313568205	素
174	21	0.00018143682717545946	度
763	21	0.00017213237449979486	暮
243	21	0.00017103947053471677	故
1147	21	3.825163877773219e-05	步
461	22	0.0008590225165513572	異
1176	22	0.0004819706485994256	負
1269	22	0.00018360786613311455	偪
800	23	0.00040983898690427346	郎
700	23	0.0003330873220840186	傍
489	23	0.00019672271371405124	煌
856	23	0.00019672271371405124	鴦
857	23	0.00019672271371405124	廂
858	23	2.4590339214256405e-05	僵
431	24	0.0004046725317966318	寒
928	24	0.0003442647489995898	交
930	24	0.0002894953571132914	抱
1125	24	8.606618724989743e-05	槁
894	24	6.259359072719813e-05	翩
926	24	3.1296795363599065e-05	搖
927	24	3.1296795363599065e-05	牖
929	24	3.1296795363599065e-05	餌
433	25	0.0006653825047822815	間
480	25	0.000261299082781055	賢
276	25	0.0001127057213986752	我
263	25	4.918067842851281e-05	丸
540	26	0.00034912616128572274	載
673	26	0.000299360651303991	授
931	26	4.4280429672048676e-05	賈
187	26	2.9936065130399103e-05	慶
764	26	2.9936065130399103e-05	代
1623	26	2.9936065130399103e-05	卦
1624	26	2.9936065130399103e-05	吐
1625	26	2.9936065130399103e-05	讖
1626	26	2.9936065130399103e-05	奧
1627	26	2.9936065130399103e-05	廟
1628	26	2.9936065130399103e-05	注
1629	26	2.9936065130399103e-05	澍
1630	26	2.9936065130399103e-05	報
1631	26	2.9936065130399103e-05	燿
569	27	0.000612026220443715	營
568	27	0.00040164220716618803	零
1070	27	0.0	殆
968	28	0.00033179138852859006	巇
204	28	0.00017604447392024472	須
654	28	0.00011475491633319658	驅
653	28	0.00010041055179154701	愚
969	28	4.4904097695598656e-05	毒
971	28	4.4904097695598656e-05	慮
976	28	4.3033093624948715e-05	秋
79	28	2.9992762223449105e-05	耕
268	28	1.4344364541649571e-05	頤
977	28	1.4344364541649571e-05	怡
591	29	0.0007264467693050784	足
596	29	7.650327755546438e-05	曲
1710	29	2.8688729083299142e-05	巟
1711	29	2.8688729083299142e-05	圮
1712	29	2.8688729083299142e-05	渥
735	29	0.0	尋
658	30	0.0005300584230628604	哀
657	30	0.0003442647489995897	摧
1621	30	0.0	㓝
110	31	0.00039322684663508717	朝
86	31	7.448637296536578e-05	弼
115	31	6.942672438158393e-05	魯
119	31	5.508235983993436e-05	舊
123	31	5.508235983993436e-05	烈
109	31	2.754117991996718e-05	陋
118	31	2.754117991996718e-05	牆
121	31	2.754117991996718e-05	漣
124	31	2.754117991996718e-05	恭
589	32	0.0002438541972080427	促
598	32	0.00010780007291906344	獄
619	32	8.606618724989743e-05	燭
733	32	8.606618724989743e-05	欲
594	32	7.650327755546438e-05	錄
130	33	0.00032563570414030456	居
888	33	9.180393306655726e-05	俱
483	33	8.606618724989743e-05	隅
325	33	2.8688729083299142e-05	休
626	34	0.00014754203528553843	飯
623	34	9.836135685702562e-05	晚
625	34	9.836135685702562e-05	返
693	35	6.885294979991794e-05	廬
390	35	4.590196653327863e-05	都
697	35	2.2950983266639315e-05	軀
910	35	0.0	余
34	36	6.83064978173789e-05	波
600	36	4.918067842851281e-05	沙
152	37	3.357693791652873e-05	裔
328	37	1.4968032565199552e-05	沛
192	38	2.5501092518488125e-05	域
186	38	1.2750546259244063e-05	盛
12	39	0.0	嵬
13	40	0.0	茵
14	41	0.0	虜
15	42	0.0	伍
17	43	0.0	妃
18	44	0.0	寤
26	45	0.0	遊
28	46	0.0	緩
30	47	0.0	屬
31	48	0.0	水
41	49	0.0	溏
52	50	0.0	槐
54	51	0.0	甫
68	52	0.0	旗
76	53	0.0	衛
85	54	0.0	壹
126	55	0.0	蹌
127	56	0.0	荇
128	57	0.0	薄
131	58	0.0	奴
132	59	0.0	隤
136	60	0.0	聊
137	61	0.0	舒
138	62	0.0	積
139	63	0.0	益
140	64	0.0	再
141	65	0.0	悔
145	66	0.0	閱
147	67	0.0	萁
182	68	0.0	惰
189	69	0.0	矜
191	70	0.0	懼
193	71	0.0	整
197	72	0.0	棲
199	73	0.0	肝
208	74	0.0	熱
211	75	0.0	舂
219	76	0.0	族
225	77	0.0	杜
226	78	0.0	味
229	79	0.0	闕
230	80	0.0	煙
231	81	0.0	菟
236	82	0.0	群
238	83	0.0	眉
240	84	0.0	諾
242	85	0.0	狼
245	86	0.0	宦
247	87	0.0	蹊
251	88	0.0	仇
252	89	0.0	入
254	90	0.0	辱
257	91	0.0	拔
259	92	0.0	額
264	93	0.0	角
269	94	0.0	葛
271	95	0.0	舌
274	96	0.0	奏
275	97	0.0	屋
277	98	0.0	翁
278	99	0.0	閣
280	100	0.0	財
281	101	0.0	將
282	102	0.0	尉
284	103	0.0	瘦
287	104	0.0	笑
288	105	0.0	嚼
291	106	0.0	旌
297	107	0.0	轃
299	108	0.0	鬯
301	109	0.0	慝
303	110	0.0	產
306	111	0.0	施
307	112	0.0	回
309	113	0.0	耀
310	114	0.0	約
319	115	0.0	饗
324	116	0.0	斿
326	117	0.0	紛
329	118	0.0	飭
334	119	0.0	靡
335	120	0.0	縠
343	121	0.0	胎
344	122	0.0	祺
346	123	0.0	詘
348	124	0.0	殺
349	125	0.0	翊
351	126	0.0	俗
352	127	0.0	樸
353	128	0.0	嶽
355	129	0.0	厘
357	130	0.0	飾
358	131	0.0	享
362	132	0.0	留
365	133	0.0	冬
367	134	0.0	若
375	135	0.0	徠
376	136	0.0	闔
378	137	0.0	著
381	138	0.0	求
384	139	0.0	姚
385	140	0.0	牲
386	141	0.0	酲
388	142	0.0	頁
389	143	0.0	諜
398	144	0.0	舞
400	145	0.0	歌
401	146	0.0	鄰
404	147	0.0	驤
406	148	0.0	垠
407	149	0.0	麟
408	150	0.0	殛
410	151	0.0	陂
412	152	0.0	西
415	153	0.0	蓋
416	154	0.0	濭
418	155	0.0	醉
421	156	0.0	輿
432	157	0.0	笮
434	158	0.0	隨
435	159	0.0	蔚
439	160	0.0	搏
440	161	0.0	索
445	162	0.0	南
446	163	0.0	簪
447	164	0.0	燒
448	165	0.0	吠
449	166	0.0	颸
452	167	0.0	翻
458	168	0.0	臨
459	169	0.0	射
463	170	0.0	嗣
465	171	0.0	部
466	172	0.0	適
467	173	0.0	險
468	174	0.0	埆
471	175	0.0	狹
474	176	0.0	僕
476	177	0.0	噫
478	178	0.0	讒
479	179	0.0	唌
484	180	0.0	秀
485	181	0.0	臭
492	182	0.0	湯
493	183	0.0	崇
494	184	0.0	廡
497	185	0.0	圖
500	186	0.0	煢
501	187	0.0	縈
502	188	0.0	軍
503	189	0.0	衾
504	190	0.0	枝
505	191	0.0	覿
506	192	0.0	漉
508	193	0.0	弩
509	194	0.0	規
530	195	0.0	鼓
532	196	0.0	蕭
533	197	0.0	了
534	198	0.0	亞
537	199	0.0	性
541	200	0.0	布
542	201	0.0	計
543	202	0.0	節
549	203	0.0	罟
551	204	0.0	撫
553	205	0.0	舅
555	206	0.0	影
556	207	0.0	莒
557	208	0.0	洧
558	209	0.0	飽
559	210	0.0	改
561	211	0.0	姊
562	212	0.0	妣
563	213	0.0	杖
564	214	0.0	黨
566	215	0.0	花
567	216	0.0	移
571	217	0.0	床
574	218	0.0	詩
575	219	0.0	葩
580	220	0.0	遙
581	221	0.0	深
582	222	0.0	玕
583	223	0.0	紆
584	224	0.0	雰
585	225	0.0	段
586	226	0.0	嘆
588	227	0.0	鳧
592	228	0.0	逐
593	229	0.0	濁
595	230	0.0	卜
599	231	0.0	柯
601	232	0.0	科
602	233	0.0	倫
603	234	0.0	弱
604	235	0.0	齡
607	236	0.0	舟
610	237	0.0	箋
611	238	0.0	閑
621	239	0.0	爾
622	240	0.0	蹇
627	241	0.0	勉
628	242	0.0	轉
629	243	0.0	卷
631	244	0.0	陸
632	245	0.0	躅
633	246	0.0	轂
639	247	0.0	衢
640	248	0.0	差
642	249	0.0	暉
646	250	0.0	盪
649	251	0.0	延
650	252	0.0	錢
651	253	0.0	邊
652	254	0.0	芻
655	255	0.0	蕃
663	256	0.0	亭
666	257	0.0	滂
667	258	0.0	巛
672	259	0.0	漢
681	260	0.0	密
682	261	0.0	穴
684	262	0.0	漆
685	263	0.0	私
686	264	0.0	祁
688	265	0.0	胡
689	266	0.0	壚
696	267	0.0	裾
703	268	0.0	颺
705	269	0.0	芬
706	270	0.0	虧
707	271	0.0	涯
708	272	0.0	奢
709	273	0.0	嗟
710	274	0.0	愔
711	275	0.0	餐
712	276	0.0	漫
713	277	0.0	彈
714	278	0.0	是
716	279	0.0	蟻
723	280	0.0	歇
724	281	0.0	咽
725	282	0.0	血
728	283	0.0	鄙
729	284	0.0	髓
730	285	0.0	戈
732	286	0.0	斯
734	287	0.0	任
736	288	0.0	殃
737	289	0.0	瘢
738	290	0.0	單
739	291	0.0	干
740	292	0.0	殼
741	293	0.0	幄
742	294	0.0	寡
744	295	0.0	𤨏
745	296	0.0	雅
746	297	0.0	火
748	298	0.0	柁
750	299	0.0	駟
752	300	0.0	歧
753	301	0.0	支
759	302	0.0	值
762	303	0.0	津
765	304	0.0	護
766	305	0.0	伐
767	306	0.0	遏
769	307	0.0	蕪
771	308	0.0	免
772	309	0.0	逃
773	310	0.0	反
774	311	0.0	真
776	312	0.0	橫
778	313	0.0	苗
779	314	0.0	饒
780	315	0.0	誨
781	316	0.0	矛
783	317	0.0	戢
784	318	0.0	姑
785	319	0.0	逋
786	320	0.0	徒
788	321	0.0	諧
790	322	0.0	嘯
793	323	0.0	初
796	324	0.0	皮
797	325	0.0	茹
798	326	0.0	際
799	327	0.0	糧
802	328	0.0	粟
803	329	0.0	林
806	330	0.0	昶
807	331	0.0	讓
808	332	0.0	半
809	333	0.0	續
811	334	0.0	謙
815	335	0.0	匹
817	336	0.0	妻
819	337	0.0	醫
820	338	0.0	尫
824	339	0.0	沰
825	340	0.0	惡
829	341	0.0	龔
832	342	0.0	泥
833	343	0.0	迷
834	344	0.0	識
835	345	0.0	黽
836	346	0.0	靂
837	347	0.0	壁
838	348	0.0	夕
839	349	0.0	赤
840	350	0.0	骨
841	351	0.0	坐
842	352	0.0	墮
843	353	0.0	與
845	354	0.0	筒
846	355	0.0	證
847	356	0.0	掖
852	357	0.0	完
860	358	0.0	桐
861	359	0.0	惻
862	360	0.0	樓
872	361	0.0	睇
874	362	0.0	狸
875	363	0.0	晦
882	364	0.0	肩
890	365	0.0	璘
893	366	0.0	乾
895	367	0.0	宣
896	368	0.0	煩
897	369	0.0	扶
898	370	0.0	榆
899	371	0.0	趺
900	372	0.0	雛
901	373	0.0	愉
903	374	0.0	毹
905	375	0.0	跪
908	376	0.0	戶
909	377	0.0	旄
911	378	0.0	墟
913	379	0.0	鬱
914	380	0.0	酒
916	381	0.0	除
922	382	0.0	兒
923	383	0.0	咄
953	384	0.0	頹
955	385	0.0	垂
965	386	0.0	樵
966	387	0.0	驕
967	388	0.0	嬉
973	389	0.0	他
978	390	0.0	燕
979	391	0.0	軒
981	392	0.0	船
982	393	0.0	小
983	394	0.0	笛
984	395	0.0	韻
985	396	0.0	磨
986	397	0.0	羅
989	398	0.0	樽
991	399	0.0	竽
992	400	0.0	琚
993	401	0.0	歈
994	402	0.0	嶮
995	403	0.0	臆
996	404	0.0	鏘
997	405	0.0	鮒
998	406	0.0	喚
999	407	0.0	鵲
1000	408	0.0	機
1001	409	0.0	脂
1003	410	0.0	唇
1004	411	0.0	驚
1005	412	0.0	篁
1006	413	0.0	篌
1007	414	0.0	絡
1008	415	0.0	獲
1009	416	0.0	雷
1010	417	0.0	帶
1011	418	0.0	丘
1012	419	0.0	穗
1013	420	0.0	悴
1014	421	0.0	鴟
1015	422	0.0	鄹
1016	423	0.0	辜
1018	424	0.0	野
1019	425	0.0	冤
1020	426	0.0	臻
1021	427	0.0	愧
1022	428	0.0	崎
1023	429	0.0	照
1024	430	0.0	堯
1025	431	0.0	萌
1026	432	0.0	冷
1028	433	0.0	莽
1031	434	0.0	汶
1032	435	0.0	芸
1033	436	0.0	盤
1034	437	0.0	涼
1035	438	0.0	頏
1037	439	0.0	羌
1038	440	0.0	泱
1039	441	0.0	䃹
1040	442	0.0	骭
1041	443	0.0	爛
1043	444	0.0	唫
1045	445	0.0	厲
1046	446	0.0	喪
1047	447	0.0	淇
1048	448	0.0	菑
1049	449	0.0	嬆
1050	450	0.0	挨
1052	451	0.0	汗
1053	452	0.0	猗
1054	453	0.0	萎
1055	454	0.0	儀
1056	455	0.0	碑
1058	456	0.0	樹
1059	457	0.0	黼
1062	458	0.0	瑕
1063	459	0.0	娛
1064	460	0.0	喈
1065	461	0.0	粲
1066	462	0.0	獻
1067	463	0.0	僮
1068	464	0.0	畔
1069	465	0.0	遍
1071	466	0.0	鶯
1072	467	0.0	窅
1073	468	0.0	勢
1076	469	0.0	敏
1077	470	0.0	姒
1080	471	0.0	池
1081	472	0.0	過
1082	473	0.0	柳
1083	474	0.0	手
1084	475	0.0	宅
1086	476	0.0	伸
1089	477	0.0	浩
1090	478	0.0	歷
1092	479	0.0	翮
1093	480	0.0	跡
1094	481	0.0	軛
1095	482	0.0	蘿
1097	483	0.0	致
1098	484	0.0	杼
1099	485	0.0	早
1101	486	0.0	綠
1102	487	0.0	速
1103	488	0.0	束
1104	489	0.0	墓
1105	490	0.0	露
1107	491	0.0	誤
1109	492	0.0	闈
1110	493	0.0	睎
1111	494	0.0	扉
1112	495	0.0	缺
1113	496	0.0	札
1114	497	0.0	綺
1115	498	0.0	被
1116	499	0.0	解
1117	500	0.0	緯
1118	501	0.0	聯
1119	502	0.0	班
1121	503	0.0	痴
1127	504	0.0	悠
1128	505	0.0	酬
1129	506	0.0	繆
1132	507	0.0	揮
1133	508	0.0	鷹
1134	509	0.0	繒
1135	510	0.0	蒸
1136	511	0.0	勝
1137	512	0.0	乘
1139	513	0.0	癢
1140	514	0.0	唱
1142	515	0.0	璋
1143	516	0.0	湄
1144	517	0.0	肌
1145	518	0.0	幬
1148	519	0.0	厝
1149	520	0.0	薇
1150	521	0.0	棘
1151	522	0.0	賊
1153	523	0.0	黑
1154	524	0.0	笳
1155	525	0.0	筆
1179	526	0.0	畏
1183	527	0.0	祐
1205	528	0.0	炅
1209	529	0.0	眀
1215	530	0.0	朖
1224	531	0.0	倉
1237	532	0.0	頃
1238	533	0.0	齋
1255	534	0.0	調
1264	535	0.0	席
1265	536	0.0	牀
1282	537	0.0	堅
1283	538	0.0	增
1287	539	0.0	汙
1292	540	0.0	敬
1295	541	0.0	朋
1296	542	0.0	柰
1298	543	0.0	霧
1305	544	0.0	埶
1306	545	0.0	防
1307	546	0.0	呼
1318	547	0.0	皆
1330	548	0.0	罰
1334	549	0.0	辻
1335	550	0.0	楼
1338	551	0.0	麻
1340	552	0.0	旱
1345	553	0.0	巻
1346	554	0.0	米
1349	555	0.0	争
1350	556	0.0	仍
1353	557	0.0	祈
1357	558	0.0	紋
1362	559	0.0	雜
1363	560	0.0	卅
1372	561	0.0	昇
1374	562	0.0	虜
1375	563	0.0	彡
1381	564	0.0	唐
1382	565	0.0	仕
1383	566	0.0	今
1385	567	0.0	穢
1391	568	0.0	避
1392	569	0.0	昔
1393	570	0.0	共
1394	571	0.0	罔
1395	572	0.0	彔
1398	573	0.0	虹
1400	574	0.0	庶
1401	575	0.0	覆
1402	576	0.0	擧
1405	577	0.0	斦
1406	578	0.0	敖
1408	579	0.0	趙
1409	580	0.0	祧
1410	581	0.0	曜
1412	582	0.0	晴
1415	583	0.0	翌
1416	584	0.0	銖
1418	585	0.0	鍊
1427	586	0.0	洋
1433	587	0.0	盧
1434	588	0.0	悉
1435	589	0.0	湏
1437	590	0.0	册
1438	591	0.0	法
1439	592	0.0	正
1440	593	0.0	峯
1442	594	0.0	鎔
1443	595	0.0	尨
1444	596	0.0	擊
1445	597	0.0	俟
1447	598	0.0	鑑
1452	599	0.0	祑
1453	600	0.0	戌
1456	601	0.0	伊
1457	602	0.0	驗
1461	603	0.0	準
1462	604	0.0	侖
1463	605	0.0	關
1468	606	0.0	吟
1470	607	0.0	禾
1472	608	0.0	儿
1474	609	0.0	召
1476	610	0.0	蟲
1479	611	0.0	串
1480	612	0.0	渾
1481	613	0.0	澈
1483	614	0.0	虞
1484	615	0.0	般
1486	616	0.0	橋
1487	617	0.0	盒
1488	618	0.0	習
1489	619	0.0	敝
1490	620	0.0	爐
1492	621	0.0	极
1494	622	0.0	窔
1497	623	0.0	綫
1499	624	0.0	壅
1500	625	0.0	丞
1502	626	0.0	斬
1503	627	0.0	末
1504	628	0.0	暟
1505	629	0.0	豆
1506	630	0.0	損
1507	631	0.0	統
1512	632	0.0	個
1513	633	0.0	乎
1514	634	0.0	脇
1515	635	0.0	倶
1517	636	0.0	待
1518	637	0.0	肖
1522	638	0.0	晶
1523	639	0.0	祤
1524	640	0.0	侌
1525	641	0.0	阜
1526	642	0.0	复
1527	643	0.0	雚
1529	644	0.0	九
1530	645	0.0	維
1531	646	0.0	翟
1532	647	0.0	愷
1533	648	0.0	昊
1536	649	0.0	戩
1537	650	0.0	需
1539	651	0.0	街
1540	652	0.0	踏
1543	653	0.0	壯
1544	654	0.0	嫂
1545	655	0.0	娄
1547	656	0.0	走
1548	657	0.0	戴
1550	658	0.0	藂
1552	659	0.0	丹
1553	660	0.0	覺
1554	661	0.0	欺
1557	662	0.0	疵
1559	663	0.0	艸
1560	664	0.0	義
1561	665	0.0	沼
1563	666	0.0	但
1564	667	0.0	接
1565	668	0.0	郞
1566	669	0.0	廉
1567	670	0.0	斛
1568	671	0.0	杞
1569	672	0.0	舜
1571	673	0.0	采
1572	674	0.0	瑞
1574	675	0.0	川
1576	676	0.0	溰
1577	677	0.0	貨
1578	678	0.0	禺
1579	679	0.0	示
1580	680	0.0	崩
1582	681	0.0	闌
1583	682	0.0	又
1584	683	0.0	藍
1585	684	0.0	夬
1586	685	0.0	僊
1587	686	0.0	綬
1588	687	0.0	盥
1590	688	0.0	忿
1591	689	0.0	沮
1592	690	0.0	叺
1593	691	0.0	柬
1594	692	0.0	溢
1595	693	0.0	洽
1597	694	0.0	禮
1598	695	0.0	慎
1600	696	0.0	原
1603	697	0.0	疇
1604	698	0.0	屏
1605	699	0.0	苓
1606	700	0.0	軨
1607	701	0.0	妙
1608	702	0.0	籍
1609	703	0.0	廧
1610	704	0.0	肱
1611	705	0.0	愴
1618	706	0.0	薌
1619	707	0.0	巷
1620	708	0.0	紼
1632	709	0.0	特
1633	710	0.0	毓
1634	711	0.0	勒
1635	712	0.0	軄
1636	713	0.0	融
1637	714	0.0	矩
1640	715	0.0	觥
1641	716	0.0	敶
1642	717	0.0	亢
1643	718	0.0	業
1644	719	0.0	𩔜
1645	720	0.0	𣧑
1649	721	0.0	臺
1650	722	0.0	畿
1651	723	0.0	饑
1652	724	0.0	刊
1653	725	0.0	呈
1654	726	0.0	鎮
1655	727	0.0	藩
1656	728	0.0	瑩
1657	729	0.0	應
1658	730	0.0	談
1659	731	0.0	恃
1660	732	0.0	顔
1661	733	0.0	甘
1662	734	0.0	篇
1664	735	0.0	𠛱
1665	736	0.0	動
1667	737	0.0	稙
1668	738	0.0	胄
1672	739	0.0	祭
1673	740	0.0	賴
1674	741	0.0	𢅷
1675	742	0.0	嵗
1676	743	0.0	䡈
1677	744	0.0	㜰
1678	745	0.0	綽
1679	746	0.0	逴
1680	747	0.0	虐
1681	748	0.0	邈
1682	749	0.0	榷
1683	750	0.0	旳
1685	751	0.0	炯
1686	752	0.0	爭
1687	753	0.0	珍
1688	754	0.0	冊
1689	755	0.0	亨
1690	756	0.0	馨
1692	757	0.0	泯
1693	758	0.0	運
1705	759	0.0	禹
1706	760	0.0	吝
1707	761	0.0	襟
1708	762	0.0	量
1709	763	0.0	粮
1713	764	0.0	霆
1714	765	0.0	汝
1715	766	0.0	覩
1716	767	0.0	府
1717	768	0.0	浦
1718	769	0.0	楨
1719	770	0.0	𥚝
1720	771	0.0	模
1721	772	0.0	迴
1722	773	0.0	毗
1723	774	0.0	翺
1724	775	0.0	潔
