321	1	0.014460657656332825	明
906	1	0.014192128266448369	竟
453	1	0.012744733953796814	年
11	1	0.012548597317801316	人
1184	1	0.012038326289577645	孫
420	1	0.011582601425394613	央
100	1	0.01155665073720783	子
1165	1	0.011028241082668727	鏡
90	1	0.010311572450047345	王
286	1	0.0096465934975433	昌
261	1	0.00959786914274107	公
380	1	0.008979232656461883	羊
250	1	0.00893891374702206	長
71	1	0.00867443170505007	光
488	1	0.008521857238160955	陽
70	1	0.008046730513694152	商
296	1	0.007847327492629043	親
33	1	0.007782844650066935	忘
554	1	0.007592506305695818	好
312	1	0.007565573730203562	壽
207	1	0.007508629146696381	月
308	1	0.007364242764057162	極
262	1	0.00727698909481692	老
316	1	0.0072757454086254565	章
818	1	0.007215375444429101	母
25	1	0.006984495450812779	日
756	1	0.0068528104997367814	富
7	1	0.0067759385603118625	生
1192	1	0.006642633737568631	吉
39	1	0.006499621934994041	服
472	1	0.005643391734933077	石
782	1	0.0055767801287696876	有
828	1	0.005576278999085006	卿
382	1	0.005569628581870949	紀
366	1	0.005428491475683642	龍
704	1	0.005418323575369728	傷
209	1	0.005357280682485916	食
470	1	0.005311046804787288	樂
974	1	0.005175636901539387	貴
248	1	0.005030913493676174	市
173	1	0.005020399625412777	作
1177	1	0.0050006807001489175	右
323	1	0.004895402492391302	方
372	1	0.004782532098482218	道
507	1	0.00477368892386199	已
221	1	0.0047693137536367865	君
395	1	0.004607249912562509	容
826	1	0.0045376537603465375	銅
55	1	0.004530162190175348	保
1213	1	0.004499552201157969	乕
72	1	0.004467732469162452	同
314	1	0.0043801997226774435	行
125	1	0.004346184228841083	而
413	1	0.004337467252876205	泉
246	1	0.004289088148800514	官
760	1	0.004270286274690354	工
487	1	0.004252527867048515	山
58	1	0.004171459228030869	皇
437	1	0.004155093435708161	歲
227	1	0.0040542559401200665	息
1204	1	0.003990938240659705	棗
341	1	0.003912966896780125	武
183	1	0.0038973569266191506	事
313	1	0.0038852322168114795	華
727	1	0.0038846848632238715	字
144	1	0.003842903930476314	喜
1217	1	0.0038363952822824017	利
24	1	0.0037431603615504347	平
1206	1	0.003735548854836054	巧
53	1	0.0037266399369841564	下
1191	1	0.0037117617097178943	亟
496	1	0.003707452748922577	英
775	1	0.0036652056610166545	父
1159	1	0.003542564231257459	淸
322	1	0.003524911041337215	疆
436	1	0.003388349117928253	中
1288	1	0.003367410349898119	象
1201	1	0.003310783624406279	祥
1276	1	0.003302484563854189	者
285	1	0.0032423257797413495	良
1298	1	0.003234249913795274	錫
241	1	0.003176379106879313	虎
122	1	0.0031628409455938464	絕
356	1	0.0031624888703459526	始
59	1	0.0031402075648368387	堂
892	1	0.0030819679961529255	守
153	1	0.0030177059317796477	世
63	1	0.0029771823063593442	志
16	1	0.0029428346105817393	女
234	1	0.002838416955650051	復
1188	1	0.0028353388099234436	福
620	1	0.0028188393885780006	家
1171	1	0.002803583257503685	久
1194	1	0.0027490051724559264	海
438	1	0.0027463829498426233	白
524	1	0.0027199575116774615	力
38	1	0.0027054499973012403	德
1248	1	0.0026805047360023877	矦
1169	1	0.0026666285552975374	遷
1176	1	0.002647678515080042	剛
1207	1	0.002644310157547777	孰
747	1	0.0026427498883757616	左
1174	1	0.0026375778956336904	驩
66	1	0.00262875727008076	得
1229	1	0.0026036106846796516	岡
305	1	0.0025945021069446014	天
1280	1	0.0025438302817548893	節
120	1	0.0025384042244859847	然
1214	1	0.00253753959205329	造
1161	1	0.002505406915162755	憙
1235	1	0.0024970260802745538	刻
944	1	0.002422607481650581	具
1218	1	0.0024123426276576915	秩
891	1	0.0023912753322444013	仙
1302	1	0.0023867284341399643	午
4	1	0.0023838467362260465	雲
1175	1	0.002326585823432421	靑
1228	1	0.0022688003226270514	己
1211	1	0.002266558011118546	彊
460	1	0.0022113275306219833	意
1163	1	0.002200454407761945	信
531	1	0.002190891437572444	滅
624	1	0.0021779216850720774	遠
1210	1	0.0021728806641289696	凶
612	1	0.002161476021119017	言
1162	1	0.002131817754080698	侍
1167	1	0.002106012594172742	忠
1186	1	0.002101920422113618	神
97	1	0.0020875184729052232	夫
270	1	0.0020842125649906795	文
801	1	0.0020804006408902073	耳
220	1	0.002051128443821729	邪
1200	1	0.002042370479523906	彭
279	1	0.00203618687886611	命
851	1	0.002029496712605494	安
409	1	0.002021423632605754	詳
163	1	0.002015187428388434	從
1078	1	0.0019556040229155567	在
827	1	0.001936139384282274	高
167	1	0.0019265511529368289	兄
450	1	0.0018922536139712228	知
179	1	0.0018808202743196421	則
327	1	0.0018681238268995982	馬
188	1	0.0018649195000196245	心
1	1	0.0018481051897437676	里
1332	1	0.00184718166644544	巳
948	1	0.0018429627025383828	哉
1096	1	0.0018322072240972104	宜
210	1	0.0018295993990930135	一
311	1	0.0017943257212223577	大
1269	1	0.0017926676739801525	三
1219	1	0.0017771628422900186	萬
1166	1	0.0017715347704465893	澤
1391	1	0.001769458728101307	朔
150	1	0.0017461502416468637	常
371	1	0.0017422054473806904	草
1354	1	0.0017226641062302553	存
222	1	0.001717054056045547	民
546	1	0.001686226736519411	首
902	1	0.0016232384677769532	不
1156	1	0.0016213890716653392	說
134	1	0.0016199892525090352	患
332	1	0.001617701547136195	黃
1190	1	0.0016133579924182211	觀
513	1	0.0016127384907152738	士
822	1	0.0016071221112703182	相
499	1	0.0015960920080271231	刑
907	1	0.0015882225535531946	出
605	1	0.0015823399691358916	名
142	1	0.0015062871534480533	窮
1231	1	0.0014937222206495605	升
1074	1	0.0014805494737952997	至
661	1	0.0014696261962741854	如
256	1	0.0014546406073898722	主
1189	1	0.0014528848640373024	全
849	1	0.0014266247178256438	元
1193	1	0.0014259856497569397	宰
1212	1	0.0014126887610890581	倍
1355	1	0.0014046725438900498	向
1277	1	0.0014032931600498955	未
1323	1	0.001383842454586716	僑
1413	1	0.00137575192714716	琴
461	1	0.0013723949620304487	異
608	1	0.0013559926156261782	歡
1274	1	0.001352230878258017	熟
597	1	0.0013072369564848087	祿
715	1	0.0013051135413611778	美
424	1	0.0013035177289454304	宿
430	1	0.0012974790930229787	梁
1246	1	0.0012863214104048457	受
565	1	0.001262098129742534	止
1261	1	0.0012570989083097335	眞
1157	1	0.0012548408058751116	泄
1260	1	0.001232923929303777	兌
677	1	0.0012147625065140877	旁
162	1	0.0012125813503251668	東
777	1	0.0012028533615884222	雙
113	1	0.0011994508814493756	仁
1208	1	0.001195731653909998	熹
855	1	0.001174213266003597	倡
964	1	0.0011715566749040418	會
1309	1	0.0011604510094542907	顯
454	1	0.0011592050460800666	陳
1164	1	0.0011536246849820412	質
1225	1	0.0011523679130387896	冝
1336	1	0.0011518830387192201	喬
804	1	0.0011393710519671172	金
1452	1	0.0011206420847152503	祉
679	1	0.001095046851236839	揚
1138	1	0.0010855072741066162	丁
133	1	0.001075919395320038	忽
165	1	0.0010730689448699745	師
374	1	0.001064207597647615	身
1313	1	0.0010599798487227045	雍
255	1	0.001047760902788758	恩
1182	1	0.0010476722151321056	前
1216	1	0.0010448762923315244	慾
237	1	0.0010254441644284807	上
614	1	0.0010079106631714135	周
1273	1	0.0009902443323593685	述
339	1	0.0009737613921280346	所
363	1	0.0009706205133687034	鳥
1353	1	0.0009682912295457677	蜀
417	1	0.0009627077438466667	位
1369	1	0.0009591176303502392	毋
570	1	0.0009521649784690593	當
340	1	0.0009513011219227006	五
1264	1	0.0009490792457303447	兇
1168	1	0.0009484030225413667	閒
572	1	0.0009451486984444112	張
1253	1	0.0009440850339120582	强
972	1	0.0009295314523224503	願
1187	1	0.0009295099717215856	吏
317	1	0.0009149299746869657	福
691	1	0.0009082717771339536	無
1051	1	0.0009081677427971877	咎
273	1	0.0009049315318213655	松
719	1	0.0008790251242106636	州
1257	1	0.000875624501827631	巨
591	1	0.0008578764297509844	足
1275	1	0.000837756003244874	二
1262	1	0.0008368261963600297	格
1357	1	0.0008333847033446962	葆
758	1	0.0008317545224426962	置
228	1	0.0008312473550509623	色
402	1	0.000827993030954007	興
42	1	0.0008272971195898843	芳
1002	1	0.0008248715364120292	善
812	1	0.0008228790930873628	塞
1259	1	0.000820089672432829	卯
1249	1	0.0008117214104692287	禽
887	1	0.0008028264746757517	連
1318	1	0.0007931656991586369	地
1270	1	0.0007907584916109168	丂
1292	1	0.0007833818342395571	貌
726	1	0.0007782483626148276	以
87	1	0.0007742755513795829	後
1325	1	0.0007637940919504272	虛
1333	1	0.0007438455078755821	弓
298	1	0.000741551179198693	翼
687	1	0.0007354772459119815	空
194	1	0.0007252493701786924	幸
590	1	0.0007196705288696258	局
671	1	0.0007113022669060253	像
151	1	0.0007070804410505151	翔
1238	1	0.000697355163633358	萠
789	1	0.0006965646395612232	進
1267	1	0.0006873929470100244	眾
791	1	0.0006812948628951352	茂
1556	1	0.0006806186397061574	圢
336	1	0.0006754382870620239	玉
1517	1	0.0006694609570880237	隔
1405	1	0.000666273047768557	亲
529	1	0.0006567093198101567	車
40	1	0.0006564783118884561	望
1221	1	0.0006495365238413564	楊
743	1	0.0006449998836559615	可
171	1	0.0006419916745736011	顏
1361	1	0.0006414459964018005	洤
1384	1	0.0006402384549929116	酉
1173	1	0.0006373403556115781	程
1310	1	0.0006359879092336225	湅
1252	1	0.0006349252727938003	尚
354	1	0.0006276196472700222	穀
1289	1	0.0006216423172960221	穆
1237	1	0.0006196498739713553	亰
62	1	0.0006158461185333552	門
656	1	0.0006103759559510883	玄
1183	1	0.0006022287669531155	鮮
1060	1	0.0005997254407246879	新
1158	1	0.0005997254407246879	徹
81	1	0.000599257210894809	京
347	1	0.0005980846050455506	嘗
990	1	0.000592717056163098	康
1079	1	0.0005900530340394878	祀
1091	1	0.0005817934508026872	易
539	1	0.0005809824914144018	記
1406	1	0.0005769836227066497	湶
212	1	0.0005718312341793536	怒
490	1	0.0005703070052977464	序
360	1	0.0005674701519372509	尊
425	1	0.0005641150445765534	和
1279	1	0.0005612652468515756	烕
1392	1	0.000559096922495614	用
1303	1	0.0005578841309066865	悅
1368	1	0.0005578841309066865	兮
552	1	0.0005557384227108916	尹
1359	1	0.0005543079505803616	鏤
414	1	0.0005457966414037082	員
757	1	0.0005419445843093525	寺
1258	1	0.0005387566749898859	持
867	1	0.0005291446453751298	婦
1455	1	0.0005273333332617965	云
1017	1	0.0005261276496089213	且
157	1	0.0005255167993477761	侯
21	1	0.0005156805586660183	疏
203	1	0.0005155865804433265	陰
722	1	0.0005121090227297275	傳
1320	1	0.0005020957178160178	綱
456	1	0.0004985845589501717	引
1301	1	0.0004941259445173508	遝
1300	1	0.00048814861454335066	貎
135	1	0.0004881486145433506	怨
587	1	0.00048595181805717976	伏
1311	1	0.0004850730994627113	氏
1387	1	0.0004742015112706835	飮
1195	1	0.0004720558030748885	莊
383	1	0.0004686226699616166	昭
403	1	0.00046786191887401656	承
795	1	0.0004668838103328167	景
876	1	0.0004602544079980164	瑟
853	1	0.0004591815539001189	田
1199	1	0.0004588174337214385	使
1365	1	0.0004556053735737939	鹿
1254	1	0.0004504093939231924	豐
265	1	0.00044630730472534913	還
361	1	0.00044630730472534913	朱
1306	1	0.0004417297939076533	爲
1233	1	0.000439134508756549	設
810	1	0.0004386997938493489	牙
1457	1	0.0004384312934654901	赦
1383	1	0.00043210661775681535	亖
1196	1	0.0004303677581280153	鄕
1516	1	0.00043036775812801525	恐
330	1	0.00043036775812801525	億
1379	1	0.0004303677581280152	詺
1314	1	0.00042806878506109223	舍
1297	1	0.00042602060905601514	沄
1244	1	0.0004260206090560151	聖
1402	1	0.0004209489351386817	視
342	1	0.0004201036561524593	遂
1312	1	0.0004184130981800148	順
1305	1	0.00041712567326253797	婁
1265	1	0.0004165534844103259	番
1570	1	0.0004165534844103259	醒
514	1	0.0004153023156989222	考
426	1	0.0004108055873040146	蘭
1222	1	0.0004016765742528142	蟲
1491	1	0.0004016765742528142	沓
27	1	0.0003986335699024141	外
1232	1	0.0003960977329437474	畺
1271	1	0.00039305472859334727	之
915	1	0.0003905188916346805	百
302	1	0.0003905188916346805	殖
749	1	0.0003905188916346805	冶
717	1	0.00038254911833601355	此
1299	1	0.0003800968803979622	皚
1327	1	0.0003766463718019741	駕
1291	1	0.0003765717883620134	弟
462	1	0.0003724203094614536	備
636	1	0.00037192275393779095	誠
105	1	0.00037148137673316257	霜
1239	1	0.000369461500419085	竝
1366	1	0.00036820352639841303	告
1396	1	0.0003666095717386796	亥
35	1	0.00036177940610312395	多
1334	1	0.0003604789768935513	脅
1356	1	0.0003600888481306795	寅
464	1	0.0003600888481306795	熾
369	1	0.0003570458437802794	馳
538	1	0.0003570458437802793	滓
1530	1	0.00035704584378027927	號
1283	1	0.0003497114230382894	耶
477	1	0.0003465318736208841	降
411	1	0.0003452413389813842	風
295	1	0.00034402854739245663	申
1446	1	0.0003421689336227677	疎
1395	1	0.0003385342339820121	汚
1462	1	0.00033473047854401197	矣
1146	1	0.0003347304785440119	祚
1370	1	0.0003347304785440119	并
1352	1	0.0003347304785440119	目
1458	1	0.0003347304785440119	蔓
1388	1	0.0003347304785440119	咸
1290	1	0.0003347304785440119	帝
1205	1	0.00033473047854401186	万
1380	1	0.00033473047854401186	竜
1344	1	0.00033473047854401186	組
1328	1	0.00033473047854401186	内
1227	1	0.00033473047854401186	悔
1243	1	0.00033473047854401186	杠
1287	1	0.00033473047854401186	想
364	1	0.00033473047854401186	夏
805	1	0.00033473047854401186	才
1321	1	0.00033473047854401186	于
792	1	0.00033473047854401186	條
1497	1	0.00033473047854401186	号
1029	1	0.00033473047854401186	嚴
1490	1	0.00033473047854401186	紐
1042	1	0.00033473047854401186	禪
1482	1	0.00033473047854401186	丙
1478	1	0.00033473047854401186	能
751	1	0.00033473047854401186	疾
272	1	0.00033473047854401186	伯
1087	1	0.00033473047854401186	辛
1461	1	0.00033473047854401186	渴
1460	1	0.00033473047854401186	汎
663	1	0.00033473047854401186	亭
1415	1	0.00033473047854401186	冒
579	1	0.00033473047854401186	刀
1363	1	0.0003288234700991175	化
198	1	0.00032410411414578926	往
345	1	0.0003233192122300114	物
1423	1	0.0003207833752713447	爵
1559	1	0.0003207833752713447	倚
1230	1	0.00031932225016658913	四
683	1	0.000318790931946678	實
1268	1	0.00031799395461681125	古
1197	1	0.0003124151133077444	負
816	1	0.00030962569265321105	千
1322	1	0.00030683627199867754	璧
1317	1	0.00030562348040974994	博
1326	1	0.0003043004350400109	終
1477	1	0.0003043004350400109	莭
1373	1	0.0002988664987000106	自
1419	1	0.00029415708720534377	丑
1514	1	0.0002928891687260104	弇
754	1	0.0002928891687260104	季
331	1	0.00028862234740860155	香
1440	1	0.00028452090676241013	峰
1485	1	0.0002832334818449331	於
1282	1	0.0002789420654533432	兵
1341	1	0.00027256624681440964	銘
1401	1	0.0002677843828352095	俌
469	1	0.0002677843828352095	谷
1588	1	0.0002677843828352095	庚
1304	1	0.0002677843828352095	毌
1180	1	0.0002603459277564537	堅
1362	1	0.0002603459277564537	旬
427	1	0.00025485161434600907	烏
1422	1	0.0002510478589080089	候
1293	1	0.0002510478589080089	蕊
1122	1	0.0002510478589080089	側
731	1	0.0002510478589080089	因
359	1	0.00024706297225867547	慕
1403	1	0.00023909319896000847	佯
794	1	0.00023656632769340777	孝
1408	1	0.00023431133498080835	栽
379	1	0.00023378001676089714	豫
1467	1	0.00022501326613236352	益
1486	1	0.0002231536523626746	辟
1255	1	0.00022315365236267456	幷
1447	1	0.00022315365236267456	殄
1537	1	0.00022315365236267456	必
226	1	0.00022315365236267456	味
190	1	0.00022293226977104493	畢
1364	1	0.00021886223597108467	祝
1489	1	0.00021518387906400762	太
1531	1	0.00021265230401619579	郡
1345	1	0.0002092065490900074	監
1409	1	0.00020402619644587392	寸
60	1	0.000197795282776007	腸
547	1	0.000196816538686697	舉
932	1	0.00019647223740626782	塵
441	1	0.0001813123425446731	苦
397	1	0.00018023948844677563	集
1319	1	0.0001785229218901397	偪
545	1	0.0001738249502614518	擾
721	1	0.00017243691318933945	緣
761	1	0.00016736523927200593	賓
1400	1	0.00016736523927200593	澎
1278	1	0.00016736523927200593	秊
315	1	0.00016736523927200593	芒
1203	1	0.00016736523927200593	侖
1592	1	0.00016736523927200593	穀
1594	1	0.00016736523927200593	㲹
320	1	0.00015916106087631937	臧
1215	1	0.00015899697730840562	畫
987	1	0.00014943324935000527	秦
1463	1	0.00014876910157511639	傐
1330	1	0.00014093914886063657	煥
482	1	0.00013389219141760476	浮
1285	1	0.0001287424917476969	撓
455	1	0.00012552392945400445	佳
768	1	0.00012552392945400445	腹
444	1	0.00012273450879947103	似
1100	1	0.00012104395082702653	寶
1308	1	0.00011954659948000424	賀
1404	1	0.00011954659948000424	偒
1075	1	0.00011715566749040415	祉
1456	1	0.00011157682618133728	六
495	1	0.00011157682618133728	胥
1494	1	0.00011157682618133728	蠡
850	1	0.00011157682618133728	重
1621	1	0.00011077984885147059	坤
112	1	0.00011046105791952391	齒
1414	1	0.00010041914356320356	先
755	1	0.00010041914356320356	惠
970	1	9.762972290867012e-05	辰
1296	1	9.563727958400339e-05	鯁
1600	1	9.563727958400339e-05	浪
702	1	9.129013051200324e-05	桑
609	1	8.368261963600296e-05	愆
848	1	8.368261963600296e-05	春
206	1	8.368261963600296e-05	雪
988	1	8.368261963600296e-05	薪
223	1	8.368261963600296e-05	場
1709	1	8.368261963600296e-05	勛
1085	1	7.969773298666948e-05	迫
934	1	7.571284633733601e-05	錯
1542	1	7.531435767240267e-05	衆
596	1	7.438455078755819e-05	曲
1475	1	7.159513013302475e-05	取
680	1	6.694609570880238e-05	彰
1358	1	6.694609570880238e-05	賞
370	1	6.694609570880238e-05	鬼
350	1	6.694609570880238e-05	藏
5	1	6.694609570880238e-05	逝
422	1	6.086008700800216e-05	蛇
1529	1	6.086008700800216e-05	奉
1036	1	6.086008700800216e-05	徨
1561	1	6.086008700800216e-05	駬
443	1	5.578841309066864e-05	悵
1376	1	5.578841309066864e-05	等
1389	1	5.578841309066864e-05	盖
1245	1	5.578841309066864e-05	眀
1519	1	5.578841309066864e-05	泊
1432	1	5.578841309066864e-05	廿
1424	1	5.578841309066864e-05	制
1568	1	5.578841309066864e-05	尙
1425	1	5.578841309066864e-05	濟
821	1	5.578841309066864e-05	亡
520	1	5.3988786861937395e-05	忒
19	1	5.1496996699078756e-05	直
164	1	4.852358288475848e-05	理
260	1	4.7818639792001694e-05	帛
473	1	4.7818639792001694e-05	洛
442	1	4.4630730472534916e-05	蒼
939	1	4.437714677666824e-05	少
521	1	4.3191029489549915e-05	式
511	1	4.3191029489549915e-05	勖
1434	1	4.184130981800148e-05	吳
1027	1	4.184130981800148e-05	股
831	1	4.184130981800148e-05	御
1576	1	4.184130981800148e-05	靜
233	1	3.7192275393779096e-05	威
1555	1	3.7192275393779096e-05	荊
180	1	3.719227539377909e-05	逮
885	1	3.347304785440119e-05	捐
486	1	3.347304785440119e-05	究
879	1	3.347304785440119e-05	箱
904	1	3.347304785440119e-05	客
886	1	3.347304785440119e-05	燔
1449	1	3.347304785440119e-05	樣
1378	1	3.347304785440119e-05	従
1549	1	3.347304785440119e-05	吹
889	1	3.347304785440119e-05	株
678	1	3.347304785440119e-05	匡
884	1	3.347304785440119e-05	端
881	1	3.347304785440119e-05	纓
544	1	3.347304785440119e-05	廉
878	1	3.347304785440119e-05	幢
883	1	3.347304785440119e-05	斤
1580	1	3.043004350400108e-05	雀
701	1	3.043004350400108e-05	昂
387	1	3.043004350400108e-05	並
1421	1	3.043004350400108e-05	優
1431	1	3.043004350400108e-05	委
1337	1	3.043004350400108e-05	皃
1374	1	3.043004350400108e-05	顕
1730	1	2.789420654533432e-05	渥
1506	1	2.789420654533432e-05	木
823	1	2.789420654533432e-05	童
1393	1	2.789420654533432e-05	莫
1728	1	2.789420654533432e-05	巟
1729	1	2.789420654533432e-05	圮
419	1	2.5748498349539378e-05	祥
1522	1	2.5748498349539378e-05	給
1492	1	2.5748498349539378e-05	暢
1541	1	2.5748498349539378e-05	癰
253	1	2.2315365236267458e-05	對
1532	1	2.2315365236267458e-05	伺
169	1	1.80935393807574e-05	庸
535	1	1.761739360757957e-05	蹤
326	1	1.455349906713095e-05	紛
267	1	1.455349906713095e-05	經
938	1	1.394710327266716e-05	瓜
941	1	1.394710327266716e-05	譊
937	1	1.394710327266716e-05	芽
936	1	1.394710327266716e-05	渫
940	1	1.394710327266716e-05	蒂
935	1	1.394710327266716e-05	藜
933	1	1.394710327266716e-05	汲
523	1	1.0797757372387479e-05	稷
525	1	1.0797757372387479e-05	音
526	1	1.0797757372387479e-05	迄
518	1	1.0797757372387479e-05	誥
517	1	1.0797757372387479e-05	昧
516	1	1.0797757372387479e-05	溉
515	1	1.0797757372387479e-05	墜
522	1	1.0797757372387479e-05	測
512	1	1.0797757372387479e-05	及
74	1	1.0797757372387479e-05	逸
172	1	9.0467696903787e-06	蠻
175	1	9.0467696903787e-06	尤
177	1	9.0467696903787e-06	視
156	1	9.0467696903787e-06	鄒
158	1	9.0467696903787e-06	聞
159	1	9.0467696903787e-06	訓
160	1	9.0467696903787e-06	奐
161	1	9.0467696903787e-06	館
170	1	9.0467696903787e-06	招
155	1	9.0467696903787e-06	祗
178	1	9.0467696903787e-06	履
631	1	0.0	陸
294	2	0.0037813406828171347	成
80	2	0.0032667958893430053	寧
528	2	0.0015991040363152955	靈
6	2	0.0015093065374458471	聲
1185	2	0.0013032752917856462	菁
1179	2	0.0012339382640872438	請
111	2	0.001174983677422468	庭
618	2	0.0009096409433160322	星
244	2	0.0009017804545341699	榮
293	2	0.0007677548277715829	情
249	2	0.0006285494541548667	合
292	2	0.0006242580377632769	聽
289	2	0.0005401162245525996	清
1256	2	0.0004602544079980163	嬰
1178	2	0.0004239919394890817	精
82	2	0.00033229607506369174	征
47	2	0.00027006663609800956	台
877	2	0.0002510478589080089	遨
1057	2	0.00018596137696889547	貞
1702	2	0.00016736523927200593	精
412	2	0.00013389219141760476	西
616	2	0.00011476473550080407	傾
78	2	0.00011172173115040398	城
665	2	8.368261963600296e-05	青
1640	2	7.438455078755819e-05	廎
290	2	6.694609570880238e-05	冥
1565	2	3.7192275393779096e-05	封
1620	2	3.586397984400127e-05	盈
56	3	0.0035128104109424354	悲
10	3	0.002050714628669683	歸
9	3	0.0010041914356320356	飢
645	3	0.0008914312188699871	衣
57	3	0.0007730271393383932	衰
166	3	0.0006729432454212251	輝
664	3	0.0006471455918517562	希
920	3	0.0006359879092336225	啼
859	3	0.0005738236775040203	飛
527	3	0.0005686818882790739	卒
1160	3	0.0005578841309066865	俙
61	3	0.0005260050377120186	誰
658	3	0.000515378673313796	哀
954	3	0.00037657178836201334	離
196	3	0.000371258606162902	徊
429	3	0.000348677581816679	為
924	3	0.0003379183878634786	遲
854	3	0.00033473047854401186	晞
657	3	0.00033473047854401186	摧
921	3	0.00030125743068961074	糜
8	3	0.00022315365236267456	迤
185	3	0.00021075622723141488	懷
1347	3	0.00020083828712640713	折
1141	3	0.00016736523927200593	帷
980	3	0.00015939546597333896	累
457	3	0.00015308124944685887	微
573	3	0.00013761141895698268	依
643	3	0.0001115768261813373	乖
641	3	7.438455078755819e-05	違
644	3	7.438455078755819e-05	追
1123	3	4.7818639792001694e-05	葵
1124	3	4.7818639792001694e-05	羹
952	3	4.184130981800148e-05	齊
200	3	3.7192275393779096e-05	開
149	3	1.80935393807574e-05	綏
184	3	1.2397425131259698e-05	階
205	4	0.004154491090391963	思
148	4	0.0030103944321440597	時
44	4	0.0014839355619695193	治
32	4	0.0011053713302828392	來
373	4	0.0006395380809757561	期
659	4	0.00043886884964659334	魚
1346	4	0.0003905188916346805	曾
46	4	0.0003676963590066797	滋
176	4	0.00035747076781119107	辭
1130	4	0.00035067002514134574	疑
1504	4	0.00028691183875201017	妾
1574	4	0.00022315365236267456	旖
337	4	0.00021020832382738166	觴
423	4	8.368261963600296e-05	兔
912	4	7.227135332200257e-05	念
2	4	6.176574306466885e-05	海
45	4	6.086008700800216e-05	執
48	4	6.086008700800216e-05	災
49	4	6.086008700800216e-05	材
50	4	6.086008700800216e-05	梅
51	4	6.086008700800216e-05	飴
918	4	6.086008700800216e-05	牛
873	4	5.274540874026854e-05	窕
1131	4	4.7818639792001694e-05	其
695	4	2.2315365236267458e-05	壺
232	5	0.0037535458662185327	見
577	5	0.0015229512248907209	起
1226	5	0.0004868806960640174	李
1088	5	0.0004303677581280152	稀
498	5	0.0003765717883620134	史
560	5	0.00033473047854401186	甚
1500	5	0.0002434403480320087	宛
962	5	0.00013017296387822684	旦
960	5	5.578841309066864e-05	縣
961	5	5.578841309066864e-05	綻
963	5	5.578841309066864e-05	眄
660	5	3.7192275393779096e-05	書
662	5	3.7192275393779096e-05	憶
720	6	0.0009792152791521815	愁
391	6	0.0007913780532414775	處
1126	6	0.0006527244331608232	臾
1453	6	0.0005501595814018246	盡
1152	6	0.0005034240133657956	結
925	6	0.0004890784214281951	非
1608	6	0.0003347304785440119	耆
1540	6	0.00016736523927200596	更
338	6	0.00011157682618133728	宇
215	7	0.0009830836118046573	雨
114	7	0.000780637251072813	土
214	7	0.000512999816738285	后
830	7	0.00033473047854401186	許
201	7	0.0003173471324360499	語
213	7	0.0002789420654533432	口
218	7	0.00018968060450827337	黍
235	7	0.00015620755665387222	者
84	7	0.00015038720706302754	輔
304	7	0.00011088717920697033	緒
548	7	7.305625523778037e-05	阻
216	7	5.578841309066864e-05	釜
217	7	5.578841309066864e-05	斗
550	7	5.4339363400001927e-05	旅
634	7	5.2069185551290735e-05	數
83	7	1.521502175200054e-05	楚
675	8	0.0010346536802402738	通
300	8	0.0008027318772010551	功
73	8	0.0004100955529555878	邦
1120	8	0.00036262468508934596	殘
676	8	0.0003080760145118035	蒙
536	8	0.0002956785893805438	頌
674	8	0.0002956785893805438	樞
1030	8	0.00011157682618133728	鍾
1220	8	9.595929062637378e-05	誦
396	8	5.8445004190224285e-05	縱
880	8	5.738236775040203e-05	強
333	8	3.846281896313179e-05	麗
578	8	2.3909319896000847e-05	艱
1631	8	2.3909319896000847e-05	隆
1632	8	2.3909319896000847e-05	充
1633	8	2.3909319896000847e-05	晏
1634	8	2.3909319896000847e-05	确
1635	8	2.3909319896000847e-05	㢕
813	9	0.0009134084725117658	憂
168	9	0.0008518091885336734	形
814	9	0.0007422589842399032	游
129	9	0.0002457346767088976	鳴
917	9	0.0001521502175200054	茲
919	9	0.0001521502175200054	嗤
638	9	7.438455078755819e-05	輕
635	9	3.7192275393779096e-05	鈴
637	9	3.7192275393779096e-05	瓊
973	9	0.0	他
368	10	0.0013495482785742699	奇
1251	10	0.0007866166245784278	訾
630	10	0.00037657178836201334	獨
1284	10	0.00020083828712640713	街
65	11	0.0014947152511664836	國
239	11	0.0005829889167974873	北
64	11	0.0003005375801981182	立
318	11	0.00011157682618133728	革
143	11	4.184130981800148e-05	死
224	11	4.184130981800148e-05	葬
428	11	4.184130981800148e-05	激
421	11	0.0	輿
606	12	0.0007411889167760262	淵
613	12	0.0006694609570880237	由
1397	12	0.00033473047854401186	貢
1618	12	0.00026598882126199205	純
1615	12	0.0002630579236971231	昆
1444	12	0.00010867872680000385	勳
718	13	0.000874863750740031	頭
863	13	0.00028908541328801033	敷
692	13	0.00018272516599307316	餘
475	13	0.00018105875884880644	珠
204	13	0.00017116899471000607	須
694	13	0.00015722189143733894	躕
690	13	0.00013363860772173808	襦
866	13	0.00010867872680000388	姝
871	13	4.564506525600162e-05	殊
283	13	3.043004350400108e-05	鉤
864	13	3.043004350400108e-05	鬚
865	13	3.043004350400108e-05	鋤
868	13	3.043004350400108e-05	騎
869	13	3.043004350400108e-05	婿
870	13	3.043004350400108e-05	趨
698	13	2.2315365236267458e-05	逾
669	14	0.0009277480267423224	神
510	14	0.00044630730472534913	墳
668	14	0.0002789420654533432	醇
670	14	0.0002789420654533432	繽
1712	14	2.9753820315023277e-05	柱
1713	14	2.9753820315023277e-05	兆
1714	14	2.9753820315023277e-05	脯
1715	14	2.9753820315023277e-05	暑
1716	14	2.9753820315023277e-05	俎
1717	14	2.9753820315023277e-05	耦
1718	14	2.9753820315023277e-05	瞻
1719	14	2.9753820315023277e-05	巖
1720	14	2.9753820315023277e-05	殷
1721	14	2.9753820315023277e-05	檀
1722	14	2.9753820315023277e-05	耘
1664	14	1.6736523927200595e-05	戔
1666	14	1.6736523927200595e-05	偶
3	15	0.0006797529574340608	何
75	15	0.0005862291529113395	室
576	15	0.0002603459277564537	嘉
23	15	0.00020083828712640713	河
399	15	0.00014876910157511639	阿
69	15	0.00010159448386785547	荒
77	15	9.416864814076011e-05	隊
67	15	5.469183494638032e-05	韋
648	16	0.000481175062907017	欣
647	16	0.00047414638438027766	分
1688	16	0.0002928891687260104	隣
20	16	0.00027196851381700965	憐
405	16	0.00027196851381700965	遺
1479	16	0.00011622586060555967	銀
377	16	4.184130981800148e-05	蕩
1324	16	4.184130981800148e-05	貧
1687	16	4.184130981800148e-05	均
1689	16	4.184130981800148e-05	勤
1656	16	1.455349906713095e-05	昏
89	17	0.0006506749118841502	臣
102	17	0.00025393346648166425	近
99	17	0.00015260031485124967	夜
1665	17	8.368261963600298e-05	震
94	17	8.336199657226349e-05	獸
92	17	5.7712151473105495e-05	廢
88	17	4.6169721178484394e-05	永
91	17	4.6169721178484394e-05	冰
93	17	4.6169721178484394e-05	繇
95	17	4.6169721178484394e-05	匱
96	17	4.6169721178484394e-05	恢
98	17	4.6169721178484394e-05	祖
101	17	4.6169721178484394e-05	司
103	17	4.6169721178484394e-05	鑒
104	17	4.6169721178484394e-05	失
106	17	4.6169721178484394e-05	顛
107	17	4.6169721178484394e-05	發
108	17	4.6169721178484394e-05	徂
942	18	0.001113232424854706	令
787	18	0.0003043004350400109	姓
949	18	4.564506525600162e-05	簿
519	18	4.122780087638856e-05	學
258	18	3.043004350400108e-05	尺
266	18	3.043004350400108e-05	冠
491	18	3.043004350400108e-05	職
943	18	3.043004350400108e-05	政
945	18	3.043004350400108e-05	罪
946	18	3.043004350400108e-05	賦
947	18	3.043004350400108e-05	十
950	18	3.043004350400108e-05	體
951	18	3.043004350400108e-05	祠
259	18	0.0	額
1106	19	0.0004184130981800148	固
117	19	0.00028898397980966356	路
1108	19	0.0002630025188560093	素
174	19	0.00017641200896238463	度
763	19	0.00016736523927200593	暮
243	19	0.00016630260283218367	故
1147	19	3.7192275393779096e-05	步
481	20	0.0010114366840853692	流
1061	20	0.00033473047854401186	修
966	20	0.0	驕
433	21	0.0006469550103163534	間
29	21	0.00028611486142214343	難
480	21	0.0002540625122862003	賢
276	21	0.00010958438285667055	我
263	21	4.7818639792001694e-05	丸
800	22	0.00039848866493334754	郎
700	22	0.0003238626058640116	傍
489	22	0.00019127455916800678	煌
856	22	0.00019127455916800678	鴦
857	22	0.00019127455916800678	廂
858	22	2.3909319896000847e-05	僵
37	23	0.0006527244331608231	友
36	23	0.00033473047854401186	赭
1172	23	0.00031799395461681125	次
1575	23	0.0	疵
431	24	0.0003934652926723695	寒
928	24	0.00033473047854401197	交
930	24	0.00028147790241200995	抱
1125	24	8.368261963600296e-05	槁
894	24	6.086008700800216e-05	翩
926	24	3.043004350400108e-05	搖
927	24	3.043004350400108e-05	牖
929	24	3.043004350400108e-05	餌
540	25	0.00033945725601880646	載
673	25	0.000291069981342619	授
931	25	4.305410140692906e-05	賈
187	25	2.91069981342619e-05	慶
764	25	2.91069981342619e-05	代
1641	25	2.91069981342619e-05	卦
1642	25	2.91069981342619e-05	吐
1643	25	2.91069981342619e-05	讖
1644	25	2.91069981342619e-05	奧
1645	25	2.91069981342619e-05	廟
1646	25	2.91069981342619e-05	注
1647	25	2.91069981342619e-05	澍
1648	25	2.91069981342619e-05	報
1649	25	2.91069981342619e-05	燿
569	26	0.0005950764063004655	營
568	26	0.0003905188916346805	零
154	27	0.0007093672633889163	夷
685	27	3.7192275393779096e-05	私
817	27	3.7192275393779096e-05	妻
1001	27	3.7192275393779096e-05	脂
1240	27	3.7192275393779096e-05	姬
1241	27	3.7192275393779096e-05	淒
1242	27	3.7192275393779096e-05	麋
22	28	0.0005306419967221522	去
116	28	0.00012638611401995115	顧
394	28	0.00010481459429155927	房
959	28	6.566483071916022e-05	愛
956	28	3.043004350400108e-05	病
957	28	3.043004350400108e-05	侶
958	28	3.043004350400108e-05	別
398	28	0.0	舞
0	29	0.0006255116999845053	鄉
146	29	0.00016736523927200593	漿
43	29	0.00011157682618133728	裳
571	29	0.0	床
130	30	0.00031661735741067787	居
1348	30	0.00028691183875201017	囘
888	30	8.926146094506983e-05	俱
483	30	8.368261963600296e-05	隅
325	30	2.789420654533432e-05	休
110	31	0.0003823365910480493	朝
86	31	7.242350353952257e-05	弼
115	31	6.750397983970907e-05	魯
119	31	5.35568765670419e-05	舊
123	31	5.35568765670419e-05	烈
109	31	2.677843828352095e-05	陋
118	31	2.677843828352095e-05	牆
121	31	2.677843828352095e-05	漣
124	31	2.677843828352095e-05	恭
968	32	0.000322602562654736	巇
654	32	0.00011157682618133728	驅
653	32	9.762972290867012e-05	愚
969	32	4.366049720139285e-05	毒
971	32	4.366049720139285e-05	慮
976	32	4.184130981800148e-05	秋
79	32	2.9162125024667698e-05	耕
268	32	1.394710327266716e-05	頤
977	32	1.394710327266716e-05	怡
589	33	0.00023710075563534172	促
598	33	0.00010481459429155927	獄
619	33	8.368261963600296e-05	燭
733	33	8.368261963600296e-05	欲
594	33	7.438455078755819e-05	錄
1044	34	0.0002510478589080089	宮
1043	34	0.00016736523927200593	唫
1626	34	0.0	妙
626	35	0.00014345591937600508	飯
623	35	9.563727958400339e-05	晚
625	35	9.563727958400339e-05	返
202	36	0.00021639142047289654	察
195	36	6.818583822192834e-05	栗
181	36	4.282746863526078e-05	列
384	36	0.0	姚
693	37	6.694609570880237e-05	廬
390	37	4.4630730472534916e-05	都
697	37	2.2315365236267458e-05	軀
1015	37	0.0	鄹
34	38	6.641477748889124e-05	波
600	38	4.7818639792001694e-05	沙
152	39	3.264703844788835e-05	裔
328	39	1.455349906713095e-05	沛
192	40	2.4794850262519395e-05	域
186	40	1.2397425131259698e-05	盛
13	41	0.0	茵
14	42	0.0	虜
15	43	0.0	伍
17	44	0.0	妃
18	45	0.0	寤
26	46	0.0	遊
28	47	0.0	緩
30	48	0.0	屬
31	49	0.0	水
41	50	0.0	溏
52	51	0.0	槐
54	52	0.0	甫
68	53	0.0	旗
76	54	0.0	衛
85	55	0.0	壹
126	56	0.0	蹌
127	57	0.0	荇
128	58	0.0	薄
131	59	0.0	奴
132	60	0.0	隤
136	61	0.0	聊
137	62	0.0	舒
138	63	0.0	積
139	64	0.0	益
140	65	0.0	再
141	66	0.0	悔
145	67	0.0	閱
147	68	0.0	萁
182	69	0.0	惰
189	70	0.0	矜
191	71	0.0	懼
193	72	0.0	整
197	73	0.0	棲
199	74	0.0	肝
208	75	0.0	熱
211	76	0.0	舂
219	77	0.0	族
225	78	0.0	杜
229	79	0.0	闕
230	80	0.0	煙
231	81	0.0	菟
236	82	0.0	群
238	83	0.0	眉
240	84	0.0	諾
242	85	0.0	狼
245	86	0.0	宦
247	87	0.0	蹊
251	88	0.0	仇
252	89	0.0	入
254	90	0.0	辱
257	91	0.0	拔
264	92	0.0	角
269	93	0.0	葛
271	94	0.0	舌
274	95	0.0	奏
275	96	0.0	屋
277	97	0.0	翁
278	98	0.0	閣
280	99	0.0	財
281	100	0.0	將
282	101	0.0	尉
284	102	0.0	瘦
287	103	0.0	笑
288	104	0.0	嚼
291	105	0.0	旌
297	106	0.0	轃
299	107	0.0	鬯
301	108	0.0	慝
303	109	0.0	產
306	110	0.0	施
307	111	0.0	回
309	112	0.0	耀
310	113	0.0	約
319	114	0.0	饗
324	115	0.0	斿
329	116	0.0	飭
334	117	0.0	靡
335	118	0.0	縠
343	119	0.0	胎
344	120	0.0	祺
346	121	0.0	詘
348	122	0.0	殺
349	123	0.0	翊
351	124	0.0	俗
352	125	0.0	樸
353	126	0.0	嶽
355	127	0.0	厘
357	128	0.0	飾
358	129	0.0	享
362	130	0.0	留
365	131	0.0	冬
367	132	0.0	若
375	133	0.0	徠
376	134	0.0	闔
378	135	0.0	著
381	136	0.0	求
385	137	0.0	牲
386	138	0.0	酲
388	139	0.0	頁
389	140	0.0	諜
392	141	0.0	根
393	142	0.0	崙
400	143	0.0	歌
401	144	0.0	鄰
404	145	0.0	驤
406	146	0.0	垠
407	147	0.0	麟
408	148	0.0	殛
410	149	0.0	陂
415	150	0.0	蓋
416	151	0.0	濭
418	152	0.0	醉
432	153	0.0	笮
434	154	0.0	隨
435	155	0.0	蔚
439	156	0.0	搏
440	157	0.0	索
445	158	0.0	南
446	159	0.0	簪
447	160	0.0	燒
448	161	0.0	吠
449	162	0.0	颸
451	163	0.0	陵
452	164	0.0	翻
458	165	0.0	臨
459	166	0.0	射
463	167	0.0	嗣
465	168	0.0	部
466	169	0.0	適
467	170	0.0	險
468	171	0.0	埆
471	172	0.0	狹
474	173	0.0	僕
476	174	0.0	噫
478	175	0.0	讒
479	176	0.0	唌
484	177	0.0	秀
485	178	0.0	臭
492	179	0.0	湯
493	180	0.0	崇
494	181	0.0	廡
497	182	0.0	圖
500	183	0.0	煢
501	184	0.0	縈
502	185	0.0	軍
503	186	0.0	衾
504	187	0.0	枝
505	188	0.0	覿
506	189	0.0	漉
508	190	0.0	弩
509	191	0.0	規
530	192	0.0	鼓
532	193	0.0	蕭
533	194	0.0	了
534	195	0.0	亞
537	196	0.0	性
541	197	0.0	布
542	198	0.0	計
543	199	0.0	節
549	200	0.0	罟
551	201	0.0	撫
553	202	0.0	舅
555	203	0.0	影
556	204	0.0	莒
557	205	0.0	洧
558	206	0.0	飽
559	207	0.0	改
561	208	0.0	姊
562	209	0.0	妣
563	210	0.0	杖
564	211	0.0	黨
566	212	0.0	花
567	213	0.0	移
574	214	0.0	詩
575	215	0.0	葩
580	216	0.0	遙
581	217	0.0	深
582	218	0.0	玕
583	219	0.0	紆
584	220	0.0	雰
585	221	0.0	段
586	222	0.0	嘆
588	223	0.0	鳧
592	224	0.0	逐
593	225	0.0	濁
595	226	0.0	卜
599	227	0.0	柯
601	228	0.0	科
602	229	0.0	倫
603	230	0.0	弱
604	231	0.0	齡
607	232	0.0	舟
610	233	0.0	箋
611	234	0.0	閑
615	235	0.0	攸
617	236	0.0	楹
621	237	0.0	爾
622	238	0.0	蹇
627	239	0.0	勉
628	240	0.0	轉
629	241	0.0	卷
632	242	0.0	躅
633	243	0.0	轂
639	244	0.0	衢
640	245	0.0	差
642	246	0.0	暉
646	247	0.0	盪
649	248	0.0	延
650	249	0.0	錢
651	250	0.0	邊
652	251	0.0	芻
655	252	0.0	蕃
666	253	0.0	滂
667	254	0.0	巛
672	255	0.0	漢
681	256	0.0	密
682	257	0.0	穴
684	258	0.0	漆
686	259	0.0	祁
688	260	0.0	胡
689	261	0.0	壚
696	262	0.0	裾
699	263	0.0	區
703	264	0.0	颺
705	265	0.0	芬
706	266	0.0	虧
707	267	0.0	涯
708	268	0.0	奢
709	269	0.0	嗟
710	270	0.0	愔
711	271	0.0	餐
712	272	0.0	漫
713	273	0.0	彈
714	274	0.0	是
716	275	0.0	蟻
723	276	0.0	歇
724	277	0.0	咽
725	278	0.0	血
728	279	0.0	鄙
729	280	0.0	髓
730	281	0.0	戈
732	282	0.0	斯
734	283	0.0	任
735	284	0.0	尋
736	285	0.0	殃
737	286	0.0	瘢
738	287	0.0	單
739	288	0.0	干
740	289	0.0	殼
741	290	0.0	幄
742	291	0.0	寡
744	292	0.0	𤨏
745	293	0.0	雅
746	294	0.0	火
748	295	0.0	柁
750	296	0.0	駟
752	297	0.0	歧
753	298	0.0	支
759	299	0.0	值
762	300	0.0	津
765	301	0.0	護
766	302	0.0	伐
767	303	0.0	遏
769	304	0.0	蕪
770	305	0.0	軌
771	306	0.0	免
772	307	0.0	逃
773	308	0.0	反
774	309	0.0	真
776	310	0.0	橫
778	311	0.0	苗
779	312	0.0	饒
780	313	0.0	誨
781	314	0.0	矛
783	315	0.0	戢
784	316	0.0	姑
785	317	0.0	逋
786	318	0.0	徒
788	319	0.0	諧
790	320	0.0	嘯
793	321	0.0	初
796	322	0.0	皮
797	323	0.0	茹
798	324	0.0	際
799	325	0.0	糧
802	326	0.0	粟
803	327	0.0	林
806	328	0.0	昶
807	329	0.0	讓
808	330	0.0	半
809	331	0.0	續
811	332	0.0	謙
815	333	0.0	匹
819	334	0.0	醫
820	335	0.0	尫
824	336	0.0	沰
825	337	0.0	惡
829	338	0.0	龔
832	339	0.0	泥
833	340	0.0	迷
834	341	0.0	識
835	342	0.0	黽
836	343	0.0	靂
837	344	0.0	壁
838	345	0.0	夕
839	346	0.0	赤
840	347	0.0	骨
841	348	0.0	坐
842	349	0.0	墮
843	350	0.0	與
844	351	0.0	厚
845	352	0.0	筒
846	353	0.0	證
847	354	0.0	掖
852	355	0.0	完
860	356	0.0	桐
861	357	0.0	惻
862	358	0.0	樓
872	359	0.0	睇
874	360	0.0	狸
875	361	0.0	晦
882	362	0.0	肩
890	363	0.0	璘
893	364	0.0	乾
895	365	0.0	宣
896	366	0.0	煩
897	367	0.0	扶
898	368	0.0	榆
899	369	0.0	趺
900	370	0.0	雛
901	371	0.0	愉
903	372	0.0	毹
905	373	0.0	跪
908	374	0.0	戶
909	375	0.0	旄
910	376	0.0	余
911	377	0.0	墟
913	378	0.0	鬱
914	379	0.0	酒
916	380	0.0	除
922	381	0.0	兒
923	382	0.0	咄
953	383	0.0	頹
955	384	0.0	垂
965	385	0.0	樵
967	386	0.0	嬉
975	387	0.0	費
978	388	0.0	燕
979	389	0.0	軒
981	390	0.0	船
982	391	0.0	小
983	392	0.0	笛
984	393	0.0	韻
985	394	0.0	磨
986	395	0.0	羅
989	396	0.0	樽
991	397	0.0	竽
992	398	0.0	琚
993	399	0.0	歈
994	400	0.0	嶮
995	401	0.0	臆
996	402	0.0	鏘
997	403	0.0	鮒
998	404	0.0	喚
999	405	0.0	鵲
1000	406	0.0	機
1003	407	0.0	唇
1004	408	0.0	驚
1005	409	0.0	篁
1006	410	0.0	篌
1007	411	0.0	絡
1008	412	0.0	獲
1009	413	0.0	雷
1010	414	0.0	帶
1011	415	0.0	丘
1012	416	0.0	穗
1013	417	0.0	悴
1014	418	0.0	鴟
1016	419	0.0	辜
1018	420	0.0	野
1019	421	0.0	冤
1020	422	0.0	臻
1021	423	0.0	愧
1022	424	0.0	崎
1023	425	0.0	照
1024	426	0.0	堯
1025	427	0.0	萌
1026	428	0.0	冷
1028	429	0.0	莽
1031	430	0.0	汶
1032	431	0.0	芸
1033	432	0.0	盤
1034	433	0.0	涼
1035	434	0.0	頏
1037	435	0.0	羌
1038	436	0.0	泱
1039	437	0.0	䃹
1040	438	0.0	骭
1041	439	0.0	爛
12	440	0.0	嵬
1045	441	0.0	厲
1046	442	0.0	喪
1047	443	0.0	淇
1048	444	0.0	菑
1049	445	0.0	嬆
1050	446	0.0	挨
1052	447	0.0	汗
1053	448	0.0	猗
1054	449	0.0	萎
1055	450	0.0	儀
1056	451	0.0	碑
1058	452	0.0	樹
1059	453	0.0	黼
1062	454	0.0	瑕
1063	455	0.0	娛
1064	456	0.0	喈
1065	457	0.0	粲
1066	458	0.0	獻
1067	459	0.0	僮
1068	460	0.0	畔
1069	461	0.0	遍
1070	462	0.0	殆
1071	463	0.0	鶯
1072	464	0.0	窅
1073	465	0.0	勢
1076	466	0.0	敏
1077	467	0.0	姒
1080	468	0.0	池
1081	469	0.0	過
1082	470	0.0	柳
1083	471	0.0	手
1084	472	0.0	宅
1086	473	0.0	伸
1089	474	0.0	浩
1090	475	0.0	歷
1092	476	0.0	翮
1093	477	0.0	跡
1094	478	0.0	軛
1095	479	0.0	蘿
1097	480	0.0	致
1098	481	0.0	杼
1099	482	0.0	早
1101	483	0.0	綠
1102	484	0.0	速
1103	485	0.0	束
1104	486	0.0	墓
1105	487	0.0	露
1107	488	0.0	誤
1109	489	0.0	闈
1110	490	0.0	睎
1111	491	0.0	扉
1112	492	0.0	缺
1113	493	0.0	札
1114	494	0.0	綺
1115	495	0.0	被
1116	496	0.0	解
1117	497	0.0	緯
1118	498	0.0	聯
1119	499	0.0	班
1121	500	0.0	痴
1127	501	0.0	悠
1128	502	0.0	酬
1129	503	0.0	繆
1132	504	0.0	揮
1133	505	0.0	鷹
1134	506	0.0	繒
1135	507	0.0	蒸
1136	508	0.0	勝
1137	509	0.0	乘
1139	510	0.0	癢
1140	511	0.0	唱
1142	512	0.0	璋
1143	513	0.0	湄
1144	514	0.0	肌
1145	515	0.0	幬
1148	516	0.0	厝
1149	517	0.0	薇
1150	518	0.0	棘
1151	519	0.0	賊
1153	520	0.0	黑
1154	521	0.0	笳
1155	522	0.0	筆
1170	523	0.0	勉
1181	524	0.0	遵
1198	525	0.0	汜
1202	526	0.0	畏
1209	527	0.0	祐
1223	528	0.0	藥
1224	529	0.0	較
1234	530	0.0	銜
1236	531	0.0	朙
1247	532	0.0	炅
1250	533	0.0	正
1263	534	0.0	虞
1266	535	0.0	朖
1272	536	0.0	丰
1281	537	0.0	冨
1286	538	0.0	倉
1294	539	0.0	頃
1295	540	0.0	齋
1307	541	0.0	調
1315	542	0.0	席
1316	543	0.0	牀
1329	544	0.0	增
1331	545	0.0	汙
1335	546	0.0	敬
1338	547	0.0	銖
1339	548	0.0	朋
1340	549	0.0	柰
1342	550	0.0	霧
1343	551	0.0	賁
1349	552	0.0	埶
1350	553	0.0	防
1351	554	0.0	呼
1360	555	0.0	皆
1367	556	0.0	罰
1371	557	0.0	辻
1372	558	0.0	楼
1375	559	0.0	麻
1377	560	0.0	旱
1381	561	0.0	巻
1382	562	0.0	米
1385	563	0.0	争
1386	564	0.0	仍
1390	565	0.0	祈
1394	566	0.0	紋
1398	567	0.0	雜
1399	568	0.0	卅
1407	569	0.0	昇
1410	570	0.0	虜
1411	571	0.0	匕
1412	572	0.0	彡
1416	573	0.0	唐
1417	574	0.0	仕
1418	575	0.0	今
1420	576	0.0	穢
1426	577	0.0	避
1427	578	0.0	昔
1428	579	0.0	共
1429	580	0.0	罔
1430	581	0.0	彔
1433	582	0.0	虹
1435	583	0.0	庶
1436	584	0.0	覆
1437	585	0.0	擧
1438	586	0.0	斦
1439	587	0.0	敖
1441	588	0.0	趙
1442	589	0.0	祧
1443	590	0.0	曜
1445	591	0.0	晴
1448	592	0.0	翌
1450	593	0.0	牢
1451	594	0.0	鍊
1454	595	0.0	男
1459	596	0.0	洋
1464	597	0.0	盧
1465	598	0.0	悉
1466	599	0.0	湏
1468	600	0.0	册
1469	601	0.0	法
1470	602	0.0	峯
1471	603	0.0	鎔
1472	604	0.0	尨
1473	605	0.0	擊
1474	606	0.0	俟
1476	607	0.0	鑑
1480	608	0.0	祑
1481	609	0.0	戌
1483	610	0.0	伊
1484	611	0.0	驗
1487	612	0.0	準
1488	613	0.0	關
1493	614	0.0	吟
1495	615	0.0	禾
1496	616	0.0	儿
1498	617	0.0	召
1499	618	0.0	氣
1501	619	0.0	串
1502	620	0.0	渾
1503	621	0.0	澈
1505	622	0.0	般
1507	623	0.0	劉
1508	624	0.0	橋
1509	625	0.0	盒
1510	626	0.0	習
1511	627	0.0	敝
1512	628	0.0	爐
1513	629	0.0	极
1515	630	0.0	窔
1518	631	0.0	綫
1520	632	0.0	壅
1521	633	0.0	丞
1523	634	0.0	斬
1524	635	0.0	末
1525	636	0.0	暟
1526	637	0.0	豆
1527	638	0.0	損
1528	639	0.0	統
1533	640	0.0	個
1534	641	0.0	乎
1535	642	0.0	脇
1536	643	0.0	倶
1538	644	0.0	待
1539	645	0.0	肖
1543	646	0.0	晶
1544	647	0.0	祤
1545	648	0.0	侌
1546	649	0.0	阜
1547	650	0.0	复
1548	651	0.0	雚
1550	652	0.0	九
1551	653	0.0	維
1552	654	0.0	翟
1553	655	0.0	愷
1554	656	0.0	昊
1557	657	0.0	戩
1558	658	0.0	需
1560	659	0.0	踏
1562	660	0.0	壯
1563	661	0.0	嫂
1564	662	0.0	娄
1566	663	0.0	走
1567	664	0.0	戴
1569	665	0.0	藂
1571	666	0.0	丹
1572	667	0.0	覺
1573	668	0.0	欺
1577	669	0.0	艸
1578	670	0.0	義
1579	671	0.0	沼
1581	672	0.0	但
1582	673	0.0	接
1583	674	0.0	郞
1584	675	0.0	廉
1585	676	0.0	斛
1586	677	0.0	杞
1587	678	0.0	舜
1589	679	0.0	鉅
1590	680	0.0	采
1591	681	0.0	瑞
1593	682	0.0	川
1595	683	0.0	溰
1596	684	0.0	貨
1597	685	0.0	禺
1598	686	0.0	示
1599	687	0.0	崩
1601	688	0.0	闌
1602	689	0.0	又
1603	690	0.0	藍
1604	691	0.0	夬
1605	692	0.0	僊
1606	693	0.0	綬
1607	694	0.0	盥
1609	695	0.0	忿
1610	696	0.0	沮
1611	697	0.0	叺
1612	698	0.0	柬
1613	699	0.0	溢
1614	700	0.0	洽
1616	701	0.0	禮
1617	702	0.0	慎
1619	703	0.0	原
1622	704	0.0	疇
1623	705	0.0	屏
1624	706	0.0	苓
1625	707	0.0	軨
1627	708	0.0	籍
1628	709	0.0	廧
1629	710	0.0	肱
1630	711	0.0	愴
1636	712	0.0	薌
1637	713	0.0	巷
1638	714	0.0	紼
1639	715	0.0	㓝
1650	716	0.0	特
1651	717	0.0	毓
1652	718	0.0	勒
1653	719	0.0	軄
1654	720	0.0	融
1655	721	0.0	矩
1657	722	0.0	驎
1658	723	0.0	觥
1659	724	0.0	敶
1660	725	0.0	亢
1661	726	0.0	業
1662	727	0.0	𩔜
1663	728	0.0	𣧑
1667	729	0.0	臺
1668	730	0.0	畿
1669	731	0.0	饑
1670	732	0.0	刊
1671	733	0.0	呈
1672	734	0.0	鎮
1673	735	0.0	藩
1674	736	0.0	瑩
1675	737	0.0	應
1676	738	0.0	談
1677	739	0.0	恃
1678	740	0.0	顔
1679	741	0.0	甘
1680	742	0.0	篇
1681	743	0.0	㐬
1682	744	0.0	𠛱
1683	745	0.0	動
1684	746	0.0	㱙
1685	747	0.0	稙
1686	748	0.0	胄
1690	749	0.0	祭
1691	750	0.0	賴
1692	751	0.0	𢅷
1693	752	0.0	嵗
1694	753	0.0	䡈
1695	754	0.0	㜰
1696	755	0.0	綽
1697	756	0.0	逴
1698	757	0.0	虐
1699	758	0.0	邈
1700	759	0.0	榷
1701	760	0.0	旳
1703	761	0.0	炯
1704	762	0.0	爭
1705	763	0.0	珍
1706	764	0.0	冊
1707	765	0.0	亨
1708	766	0.0	馨
1710	767	0.0	泯
1711	768	0.0	運
1723	769	0.0	禹
1724	770	0.0	吝
1725	771	0.0	襟
1726	772	0.0	量
1727	773	0.0	粮
1731	774	0.0	霆
1732	775	0.0	汝
1733	776	0.0	覩
1734	777	0.0	府
1735	778	0.0	浦
1736	779	0.0	楨
1737	780	0.0	𥚝
1738	781	0.0	模
1739	782	0.0	迴
1740	783	0.0	毗
1741	784	0.0	翺
1742	785	0.0	潔
1743	786	0.0	赫
